"V1","V2"
399.6916,0
400.1737,0.03051625
400.6559,0.03110057
401.138,0.03152667
401.6201,0.03147613
402.1023,0.03069641
402.5844,0.02910446
403.0666,0.02683048
403.5487,0.02416613
404.0308,0.02148734
404.513,0.01915676
404.9951,0.01748106
405.4772,0.01669833
405.9594,0.01697096
406.4415,0.01833768
406.9236,0.02065336
407.4058,0.02352961
407.8879,0.0263277
408.3701,0.02825307
408.8522,0.02857307
409.3343,0.0269123
409.8165,0.02347538
410.2986,0.01903921
410.7807,0.01469924
411.2629,0.01150559
411.745,0.01017841
412.2271,0.0109636
412.7093,0.0136153
413.1914,0.01749461
413.6736,0.02174461
414.1557,0.02554042
414.6378,0.02831568
415.12,0.02987119
415.6021,0.03032809
416.0843,0.02997329
416.5664,0.02910772
417.0485,0.02797529
417.5307,0.0267508
418.0128,0.02557111
418.4949,0.0245555
418.9771,0.02380042
419.4592,0.02335161
419.9413,0.02317439
420.4235,0.02315736
420.9056,0.02315697
421.3878,0.02306244
421.8699,0.02285735
422.352,0.02263073
422.8342,0.02253947
423.3163,0.02273329
423.7984,0.02328145
424.2806,0.02412881
424.7627,0.02510237
425.2448,0.02596133
425.727,0.02648009
426.2091,0.02652461
426.6913,0.02608896
427.1734,0.02528309
427.6555,0.02427856
428.1377,0.02325385
428.6198,0.02235505
429.102,0.02168094
429.5841,0.02128588
430.0662,0.02118699
430.5484,0.02136691
431.0305,0.02177245
431.5126,0.02231342
431.9948,0.02287143
432.4769,0.0233272
432.959,0.02359867
433.4412,0.02367536
433.9233,0.02362668
434.4055,0.02357488
434.8876,0.02364273
435.3697,0.02389308
435.8519,0.02429533
436.334,0.02473245
436.8161,0.02504605
437.2983,0.02510857
437.7804,0.02488377
438.2625,0.02445375
438.7447,0.02398916
439.2268,0.02368082
439.709,0.02366063
440.1911,0.02394972
440.6732,0.02444787
441.1554,0.02497687
441.6375,0.02535293
442.1196,0.02546178
442.6018,0.02530482
443.0839,0.02499767
443.566,0.02472528
444.0482,0.02467672
444.5303,0.02498032
445.0125,0.02566676
445.4946,0.02666676
445.9767,0.02783951
446.4589,0.02901868
446.941,0.0300529
447.4232,0.03083424
447.9053,0.03130877
448.3874,0.03147313
448.8696,0.03136361
449.3517,0.03104022
449.8338,0.0305719
450.316,0.03002373
450.7981,0.02944821
451.2802,0.02888041
451.7624,0.02833989
452.2445,0.02783574
452.7267,0.0273752
453.2088,0.02696953
453.6909,0.02663872
454.1731,0.02640874
454.6552,0.02630322
455.1373,0.02633321
455.6195,0.02648743
456.1016,0.02672722
456.5837,0.02698964
457.0659,0.02719811
457.548,0.02727848
458.0302,0.02717628
458.5123,0.0268696
458.9944,0.02637548
459.4766,0.0257469
459.9587,0.02506333
460.4409,0.02441482
460.923,0.02388208
461.4051,0.02351916
461.8873,0.02334205
462.3694,0.02332656
462.8515,0.02341948
463.3337,0.02355925
463.8158,0.02370133
464.2979,0.0238365
464.7801,0.02399773
465.2622,0.02424665
465.7444,0.02464833
466.2265,0.02523954
466.7086,0.02600623
467.1908,0.02687743
467.6729,0.0277417
468.155,0.02847681
468.6372,0.02898644
469.1193,0.02922622
469.6014,0.02921004
470.0836,0.02899636
470.5657,0.02866257
471.0479,0.02828028
471.53,0.02789954
472.0121,0.02754519
472.4943,0.02722509
472.9764,0.02694067
473.4586,0.02669484
473.9407,0.02649338
474.4228,0.02633949
474.905,0.02622864
475.3871,0.02614437
475.8692,0.02606234
476.3514,0.0259557
476.8335,0.02580331
477.3156,0.02559495
477.7978,0.0253316
478.2799,0.02502175
478.7621,0.0246796
479.2442,0.02432335
479.7263,0.02397751
480.2085,0.02367502
480.6906,0.02345626
481.1727,0.0233637
481.6549,0.02342977
482.137,0.0236652
482.6191,0.02404973
483.1013,0.02453266
483.5834,0.02504333
484.0656,0.02550908
484.5477,0.02587697
485.0298,0.02612732
485.512,0.02627742
485.9941,0.02637229
486.4763,0.02646835
486.9584,0.02661464
487.4405,0.02683939
487.9227,0.02714399
488.4048,0.02750555
488.8869,0.02788648
489.3691,0.02824513
489.8512,0.02854591
490.3333,0.02876743
490.8155,0.02890521
491.2976,0.02897098
491.7798,0.02898686
492.2619,0.02897758
492.744,0.02896161
493.2262,0.02894445
493.7083,0.02891742
494.1904,0.0288626
494.6726,0.02876301
495.1547,0.02861323
495.6368,0.02842656
496.119,0.02823404
496.6011,0.02807639
497.0833,0.02798802
497.5654,0.02798393
498.0475,0.02805243
498.5297,0.02815802
499.0118,0.02825345
499.494,0.02829634
499.9761,0.02826473
500.4582,0.02816349
500.9404,0.02801997
501.4225,0.02787198
501.9046,0.02775352
502.3868,0.02768358
502.8689,0.02766413
503.351,0.02768498
503.8332,0.02773316
504.3153,0.02780109
504.7975,0.02788904
505.2796,0.02800092
505.7617,0.02813784
506.2439,0.02829062
506.726,0.02843954
507.2081,0.02855805
507.6903,0.02862195
508.1724,0.02861876
508.6545,0.02855228
509.1367,0.02844101
509.6188,0.02831236
510.101,0.02819373
510.5831,0.0281048
511.0652,0.02805438
511.5474,0.02804108
512.0295,0.02805869
512.5117,0.02810032
512.9938,0.0281619
513.476,0.02824231
513.9581,0.02834105
514.4402,0.02845532
514.9224,0.02857691
515.4045,0.02869342
515.8866,0.02878879
516.3688,0.02884731
516.8509,0.02885727
517.333,0.02881448
517.8152,0.02872369
518.2973,0.02859947
518.7794,0.02846286
519.2616,0.02833746
519.7437,0.02824395
520.2258,0.02819411
520.708,0.02818857
521.1901,0.02821608
521.6722,0.02825742
522.1544,0.02829186
522.6365,0.02830403
523.1187,0.028289
523.6008,0.02825383
524.0829,0.02821381
524.5651,0.02818614
525.0472,0.02818414
525.5294,0.02821223
526.0115,0.02826657
526.4937,0.02833794
526.9758,0.02841691
527.4579,0.02849855
527.9401,0.02858325
528.4222,0.02867373
528.9043,0.02877066
529.3865,0.02886902
529.8686,0.02895565
530.3507,0.02901303
530.8329,0.02902467
531.315,0.02898214
531.7971,0.02888934
532.2793,0.02876295
532.7614,0.02862821
533.2435,0.02851161
533.7257,0.02843355
534.2078,0.0284031
534.6899,0.02841698
535.1721,0.02846275
535.6542,0.02852445
536.1364,0.02858779
536.6185,0.02864423
537.1006,0.02869075
537.5828,0.02872909
538.0649,0.02876121
538.5471,0.02878773
539.0292,0.02880664
539.5114,0.02881462
539.9935,0.028809
540.4756,0.02879097
540.9578,0.02876591
541.4399,0.02874325
541.922,0.02873323
542.4042,0.0287443
542.8863,0.02878073
543.3684,0.02884139
543.8506,0.0289208
544.3327,0.02901102
544.8148,0.02910377
545.297,0.02919207
545.7791,0.02926914
546.2612,0.02932893
546.7434,0.02936493
547.2255,0.02937146
547.7076,0.02934522
548.1898,0.02928895
548.6719,0.02921317
549.1541,0.02913652
549.6362,0.02908151
550.1183,0.02906834
550.6005,0.02910833
551.0826,0.02919844
551.5648,0.02932111
552.0469,0.02944898
552.5291,0.02955292
553.0112,0.02961209
553.4933,0.02962074
553.9755,0.02958972
554.4576,0.02954307
554.9397,0.02950886
555.4219,0.02951008
555.904,0.02955724
556.3861,0.02964602
556.8683,0.02975963
557.3504,0.02987459
557.8325,0.02996821
558.3147,0.03002431
558.7968,0.03003622
559.2789,0.03000664
559.7611,0.02994587
560.2432,0.02986835
560.7253,0.02979026
561.2075,0.02972573
561.6896,0.02968555
562.1718,0.02967472
562.6539,0.02969188
563.136,0.02972911
563.6182,0.02977509
564.1003,0.02981757
564.5825,0.02984837
565.0646,0.02986541
565.5468,0.02987355
566.0289,0.02988202
566.511,0.02990021
566.9932,0.02993274
567.4753,0.02997752
567.9574,0.03002594
568.4396,0.03006657
568.9217,0.03008986
569.4038,0.03009216
569.886,0.03007659
570.3681,0.03005145
570.8502,0.03002617
571.3324,0.03000735
571.8145,0.02999687
572.2966,0.02999306
572.7787,0.02999286
573.2609,0.02999548
573.743,0.03000399
574.2252,0.03002359
574.7073,0.03005887
575.1895,0.03010994
575.6716,0.03017
576.1537,0.0302269
576.6359,0.03026658
577.118,0.03027888
577.6002,0.03026223
578.0823,0.03022514
578.5644,0.03018395
579.0466,0.03015829
579.5287,0.03016412
580.0108,0.0302092
580.493,0.03029007
580.9751,0.03039353
581.4572,0.03050069
581.9394,0.03059169
582.4215,0.03065101
582.9036,0.03067119
583.3858,0.03065431
583.8679,0.03061127
584.35,0.03055884
584.8322,0.03051518
585.3143,0.03049597
585.7964,0.03050896
586.2786,0.03055242
586.7607,0.03061591
587.2429,0.03068332
587.725,0.03073853
588.2072,0.03077102
588.6893,0.0307793
589.1714,0.03077162
589.6536,0.03076181
590.1357,0.03076336
590.6179,0.0307833
591.1,0.03081899
591.5821,0.03085857
592.0643,0.03088547
592.5464,0.03088539
593.0285,0.0308519
593.5107,0.030789
593.9928,0.03070958
594.4749,0.03063006
594.9571,0.0305646
595.4392,0.03052069
595.9213,0.0304973
596.4035,0.03048821
596.8856,0.03048592
597.3677,0.03048598
597.8499,0.03048889
598.332,0.03049944
598.8141,0.03052294
599.2963,0.03056224
599.7784,0.030615
600.2606,0.03067402
600.7427,0.03072999
601.2249,0.03077473
601.707,0.03080317
602.1891,0.03081458
602.6713,0.03081128
603.1534,0.03079588
603.6356,0.03076988
604.1177,0.03073311
604.5998,0.03068562
605.082,0.03062956
605.5641,0.03057117
606.0462,0.03052047
606.5284,0.03048902
607.0105,0.03048617
607.4926,0.03051474
607.9748,0.03056949
608.4569,0.03063777
608.939,0.03070271
609.4212,0.03074868
609.9033,0.0307661
610.3854,0.03075475
610.8676,0.03072322
611.3497,0.03068656
611.8318,0.03066067
612.314,0.03065773
612.7961,0.03068209
613.2783,0.03072886
613.7604,0.03078541
614.2426,0.03083568
614.7247,0.03086425
615.2068,0.03086113
615.689,0.03082448
616.1711,0.0307612
616.6533,0.03068417
617.1354,0.03060923
617.6175,0.03054986
618.0997,0.03051407
618.5818,0.03050254
619.0639,0.03050905
619.5461,0.03052358
620.0282,0.03053617
620.5103,0.03054015
620.9925,0.03053393
621.4746,0.0305209
621.9567,0.03050692
622.4388,0.03049719
622.921,0.03049352
623.4031,0.03049359
623.8853,0.03049221
624.3674,0.03048394
624.8495,0.03046601
625.3317,0.03044037
625.8138,0.03041271
626.296,0.03039139
626.7781,0.03038272
627.2603,0.03038888
627.7424,0.03040684
628.2245,0.03042895
628.7067,0.03044605
629.1888,0.03045127
629.6709,0.03044176
630.1531,0.03041992
630.6352,0.03039133
631.1173,0.03036207
631.5995,0.03033609
632.0816,0.03031318
632.5637,0.03028984
633.0459,0.03026125
633.528,0.03022384
634.0101,0.03017766
634.4923,0.03012658
634.9744,0.03007709
635.4565,0.03003556
635.9387,0.03000606
636.4208,0.02998806
636.903,0.02997726
637.3851,0.02996696
637.8672,0.02995121
638.3494,0.02992702
638.8315,0.0298961
639.3137,0.02986442
639.7958,0.0298401
640.278,0.02983081
640.7601,0.02984115
641.2422,0.02987069
641.7244,0.02991416
642.2065,0.02996256
642.6886,0.03000611
643.1708,0.03003695
643.6529,0.03005106
644.135,0.0300493
644.6172,0.03003667
645.0993,0.0300207
645.5814,0.03000847
646.0636,0.03000461
646.5457,0.03001019
647.0278,0.03002263
647.51,0.03003703
647.9921,0.03004812
648.4742,0.03005205
648.9564,0.03004734
649.4385,0.03003498
649.9207,0.03001751
650.4028,0.02999721
650.8849,0.02997597
651.3671,0.02995413
651.8492,0.02993139
652.3314,0.02990779
652.8135,0.0298843
653.2957,0.02986293
653.7778,0.0298462
654.2599,0.02983574
654.7421,0.02983173
655.2242,0.02983162
655.7063,0.02983106
656.1885,0.02982466
656.6706,0.02980761
657.1527,0.02977711
657.6349,0.02973275
658.117,0.02967667
658.5991,0.02961295
659.0813,0.02954709
659.5634,0.02948474
660.0455,0.02943148
660.5277,0.0293923
661.0098,0.02937065
661.4919,0.02936794
661.9741,0.02938291
662.4562,0.02941163
662.9384,0.02944773
663.4205,0.02948348
663.9026,0.02951175
664.3848,0.02952695
664.8669,0.0295268
665.3491,0.02951182
665.8312,0.02948535
666.3134,0.02945277
666.7955,0.0294198
667.2776,0.02939193
667.7598,0.02937364
668.2419,0.02936728
668.724,0.02937263
669.2062,0.02938631
669.6883,0.02940259
670.1704,0.02941379
670.6526,0.02941251
671.1347,0.02939423
671.6168,0.0293588
672.099,0.02931244
672.5811,0.02926637
673.0632,0.02923394
673.5454,0.02922661
674.0275,0.02924984
674.5096,0.0293002
674.9918,0.02936546
675.4739,0.02942834
675.9561,0.02947092
676.4382,0.02948064
676.9203,0.02945407
677.4025,0.0293978
677.8846,0.02932624
678.3668,0.02925679
678.8489,0.02920432
679.3311,0.02917652
679.8132,0.02917224
680.2953,0.02918219
680.7775,0.02919181
681.2596,0.0291867
681.7417,0.02915635
682.2239,0.02909778
682.706,0.02901555
683.1881,0.02892064
683.6703,0.0288271
684.1524,0.02874769
684.6345,0.02869051
685.1167,0.02865763
685.5988,0.0286449
686.0809,0.02864415
686.5631,0.02864644
687.0452,0.02864562
687.5273,0.02863951
688.0095,0.02863105
688.4916,0.02862558
688.9738,0.02862863
689.4559,0.02864353
689.938,0.02866966
690.4202,0.02870276
690.9023,0.02873662
691.3845,0.02876499
691.8666,0.02878358
692.3488,0.02879028
692.8309,0.02878455
693.313,0.02876655
693.7952,0.0287359
694.2773,0.02869199
694.7594,0.02863459
695.2416,0.02856585
695.7237,0.02849091
696.2058,0.02841766
696.688,0.02835511
697.1701,0.02831036
697.6522,0.02828664
698.1344,0.02828109
698.6165,0.02828635
699.0986,0.02829246
699.5808,0.02829035
700.0629,0.02827469
700.545,0.02824558
701.0272,0.02820766
701.5093,0.02816851
701.9915,0.02813532
702.4736,0.02811281
702.9557,0.02810161
703.4379,0.02809835
703.92,0.02809679
704.4022,0.02809008
704.8843,0.02807274
705.3665,0.02804217
705.8486,0.02799953
706.3307,0.02794966
706.8129,0.02789956
707.295,0.02785712
707.7771,0.02782836
708.2593,0.02781554
708.7414,0.02781681
709.2235,0.02782574
709.7057,0.02783412
710.1878,0.02783356
710.6699,0.02781936
711.1521,0.02779116
711.6342,0.02775325
712.1163,0.02771159
712.5985,0.02767253
713.0806,0.02763921
713.5627,0.02761116
714.0449,0.02758501
714.527,0.02755703
715.0092,0.02752545
715.4913,0.02749163
715.9734,0.02746066
716.4556,0.02743828
716.9377,0.02742876
717.4199,0.02743244
717.902,0.02744533
718.3842,0.02746066
718.8663,0.0274713
719.3484,0.02747262
719.8306,0.02746373
720.3127,0.02744692
720.7948,0.02742608
721.277,0.02740414
721.7591,0.02738204
722.2412,0.02735797
722.7234,0.02732996
723.2055,0.02729688
723.6876,0.02725994
724.1698,0.0272229
724.6519,0.02719018
725.134,0.02716481
725.6162,0.02714642
726.0983,0.02713161
726.5804,0.02711436
727.0626,0.02708903
727.5447,0.02705233
728.0269,0.02700472
728.509,0.0269502
728.9911,0.02689486
729.4733,0.02684425
729.9554,0.02680206
730.4376,0.02676893
730.9197,0.02674287
731.4019,0.02672086
731.884,0.02669991
732.3661,0.02667815
732.8483,0.0266551
733.3304,0.02663111
733.8125,0.02660667
734.2947,0.02658194
734.7768,0.026556
735.2589,0.02652783
735.7411,0.0264961
736.2232,0.02646032
736.7053,0.02642123
737.1875,0.02638072
737.6696,0.02634203
738.1517,0.02630899
738.6339,0.02628475
739.116,0.02627098
739.5981,0.02626661
740.0803,0.02626719
740.5624,0.02626575
741.0446,0.02625385
741.5267,0.02622483
742.0089,0.02617555
742.491,0.02610856
742.9731,0.02603139
743.4553,0.02595534
743.9374,0.02589178
744.4196,0.02584875
744.9017,0.02582856
745.3838,0.02582758
745.866,0.02583741
746.3481,0.02584795
746.8302,0.02585135
747.3124,0.02584352
747.7945,0.02582466
748.2766,0.02579855
748.7588,0.02576983
749.2409,0.0257415
749.723,0.0257146
750.2052,0.02568728
750.6873,0.02565708
751.1694,0.02562202
751.6516,0.02558243
752.1337,0.02554045
752.6158,0.02549989
753.098,0.02546417
753.5801,0.02543551
754.0623,0.02541341
754.5444,0.02539529
755.0266,0.02537747
755.5087,0.02535618
755.9908,0.02532893
756.473,0.02529511
756.9551,0.0252563
757.4373,0.02521534
757.9194,0.02517585
758.4015,0.02514059
758.8837,0.02511153
759.3658,0.02508844
759.8479,0.02506933
760.3301,0.02505087
760.8122,0.02502926
761.2943,0.0250011
761.7765,0.02496464
762.2586,0.0249202
762.7407,0.02487019
763.2229,0.02481809
763.705,0.02476737
764.1871,0.02472034
764.6693,0.02467705
765.1514,0.02463575
765.6335,0.02459306
766.1157,0.02454563
766.5978,0.02449154
767.08,0.02443086
767.5621,0.02436591
768.0443,0.02430036
768.5264,0.02423816
769.0085,0.02418239
769.4907,0.02413399
769.9728,0.02409243
770.455,0.02405589
770.9371,0.02402206
771.4192,0.02398897
771.9014,0.023956
772.3835,0.02392306
772.8656,0.02389069
773.3478,0.02385954
773.8299,0.02382987
774.312,0.02380201
774.7942,0.02377622
775.2763,0.02375297
775.7584,0.02373348
776.2406,0.02371896
776.7227,0.02371027
777.2048,0.02370664
777.687,0.02370579
778.1691,0.02370381
778.6512,0.02369592
779.1334,0.02367791
779.6155,0.02364758
780.0977,0.02360528
780.5798,0.02355457
781.062,0.02350038
781.5441,0.0234482
782.0262,0.02340203
782.5084,0.02336377
782.9905,0.02333232
783.4727,0.02330479
783.9548,0.02327794
784.4369,0.02324903
784.9191,0.02321726
785.4012,0.02318358
785.8833,0.02315014
786.3655,0.02311934
786.8476,0.02309284
787.3297,0.02307115
787.8119,0.02305343
788.294,0.02303813
788.7761,0.02302321
789.2583,0.02300636
789.7404,0.02298546
790.2225,0.02295848
790.7047,0.02292335
791.1868,0.02287887
791.6689,0.02282514
792.1511,0.02276433
792.6332,0.02270041
793.1154,0.02263871
793.5975,0.02258504
794.0797,0.02254367
794.5618,0.02251655
795.0439,0.02250247
795.5261,0.0224974
796.0082,0.02249621
796.4904,0.02249327
796.9725,0.02248394
797.4546,0.02246568
797.9368,0.0224378
798.4189,0.02240039
798.901,0.02235481
799.3832,0.02230233
799.8653,0.02224428
800.3474,0.02218227
800.8296,0.02211741
801.3117,0.02205149
801.7938,0.02198537
802.276,0.02191988
802.7581,0.02185497
803.2402,0.02179077
803.7224,0.02172713
804.2045,0.02166451
804.6866,0.0216036
805.1688,0.02154555
805.6509,0.02149083
806.1331,0.02143894
806.6152,0.0213882
807.0974,0.02133678
807.5795,0.02128302
808.0616,0.02122619
808.5438,0.02116738
809.0259,0.02110928
809.5081,0.02105482
809.9902,0.02100627
810.4723,0.02096416
810.9545,0.0209271
811.4366,0.02089204
811.9187,0.02085541
812.4009,0.02081397
812.883,0.02076613
813.3651,0.02071214
813.8473,0.02065376
814.3294,0.02059378
814.8115,0.02053507
815.2937,0.02048044
815.7758,0.02043178
816.2579,0.02039034
816.7401,0.02035627
817.2222,0.02032853
817.7043,0.02030478
818.1865,0.02028151
818.6686,0.02025477
819.1508,0.02022082
819.6329,0.02017765
820.1151,0.02012507
820.5972,0.02006562
821.0793,0.02000322
821.5615,0.01994224
822.0436,0.01988626
822.5258,0.01983737
823.0079,0.01979535
823.49,0.0197587
823.9722,0.01972492
824.4543,0.01969227
824.9364,0.0196592
825.4186,0.01962513
825.9007,0.01958968
826.3828,0.01955242
826.865,0.01951306
827.3471,0.01947119
827.8292,0.01942673
828.3114,0.01938073
828.7935,0.01933451
829.2756,0.01928954
829.7578,0.01924684
830.2399,0.01920591
830.722,0.01916496
831.2042,0.01912139
831.6863,0.01907281
832.1685,0.01901809
832.6506,0.01895773
833.1328,0.01889386
833.6149,0.01882966
834.097,0.01876784
834.5792,0.01870982
835.0613,0.0186554
835.5435,0.01860287
836.0256,0.01855031
836.5077,0.0184964
836.9899,0.01844088
837.472,0.01838481
837.9541,0.01833001
838.4363,0.0182778
838.9184,0.01822846
839.4005,0.01818113
839.8827,0.0181341
840.3648,0.01808567
840.8469,0.01803483
841.3291,0.01798194
841.8112,0.01792812
842.2933,0.01787523
842.7755,0.01782438
843.2576,0.01777556
843.7397,0.01772786
844.2219,0.01767942
844.704,0.01762849
845.1862,0.01757412
845.6683,0.01751655
846.1505,0.01745735
846.6326,0.01739838
847.1147,0.01734155
847.5969,0.01728769
848.079,0.01723677
848.5612,0.0171877
849.0433,0.01713899
849.5254,0.01708899
850.0076,0.01703686
850.4897,0.01698211
850.9718,0.01692514
851.454,0.01686681
851.9361,0.01680855
852.4182,0.01675195
852.9004,0.01669866
853.3825,0.01665031
853.8646,0.0166077
854.3468,0.01657063
854.8289,0.01653724
855.311,0.01650438
855.7932,0.01646815
856.2753,0.01642464
856.7574,0.01637161
857.2396,0.01630925
857.7217,0.01624051
858.2039,0.01617013
858.686,0.01610379
859.1682,0.01604608
859.6503,0.01599954
860.1324,0.01596368
860.6146,0.01593567
861.0967,0.01591134
861.5789,0.01588722
862.061,0.0158613
862.5431,0.01583356
863.0253,0.01580617
863.5074,0.01578158
863.9895,0.01576136
864.4717,0.01574555
864.9538,0.01573198
865.4359,0.01571685
865.9181,0.01569614
866.4002,0.01566684
866.8823,0.01562789
867.3645,0.01558036
867.8466,0.01552696
868.3287,0.01547146
868.8109,0.01541758
869.293,0.01536826
869.7751,0.01532501
870.2573,0.01528798
870.7394,0.0152562
871.2216,0.01522792
871.7037,0.01520059
872.1859,0.0151723
872.668,0.01514121
873.1501,0.01510667
873.6323,0.01506886
874.1144,0.01502854
874.5966,0.01498742
875.0787,0.01494679
875.5608,0.01490747
876.043,0.01486977
876.5251,0.01483338
877.0072,0.01479807
877.4894,0.01476401
877.9715,0.0147319
878.4536,0.01470291
878.9358,0.01467774
879.4179,0.01465588
879.9,0.01463507
880.3822,0.01461167
880.8643,0.0145813
881.3464,0.01454063
881.8286,0.01448841
882.3107,0.01442675
882.7928,0.0143604
883.275,0.01429576
883.7571,0.0142388
884.2393,0.01419348
884.7214,0.01416058
885.2036,0.01413772
885.6857,0.01412027
886.1678,0.01410374
886.65,0.01408454
887.1321,0.01406085
887.6143,0.01403263
888.0964,0.01400076
888.5785,0.01396593
889.0607,0.01392775
889.5428,0.01388477
890.0249,0.01383513
890.5071,0.01377746
890.9892,0.01371191
891.4713,0.0136401
891.9535,0.01356563
892.4356,0.01349261
892.9177,0.01342504
893.3999,0.01336561
893.882,0.01331556
894.3641,0.01327432
894.8463,0.01323994
895.3284,0.01320978
895.8105,0.01318094
896.2927,0.01315089
896.7748,0.01311801
897.257,0.01308116
897.7391,0.01304073
898.2213,0.01299754
898.7034,0.01295262
899.1855,0.01290702
899.6677,0.01286104
900.1498,0.01281468
900.632,0.01276699
901.1141,0.01271766
901.5962,0.01266676
902.0784,0.01261497
902.5605,0.012564
903.0426,0.01251566
903.5248,0.01247131
904.0069,0.01243131
904.489,0.01239489
904.9712,0.01236018
905.4533,0.0123255
905.9354,0.01228976
906.4176,0.01225288
906.8997,0.01221579
907.3818,0.01217952
907.864,0.01214501
908.3461,0.01211179
908.8282,0.01207832
909.3104,0.01204298
909.7925,0.01200427
910.2747,0.01196179
910.7568,0.01191694
911.239,0.01187172
911.7211,0.01182873
912.2032,0.0117893
912.6854,0.01175366
913.1675,0.01172054
913.6496,0.01168766
914.1318,0.0116529
914.6139,0.01161498
915.096,0.01157422
915.5782,0.01153172
916.0603,0.01148974
916.5424,0.01145018
917.0246,0.01141465
917.5067,0.01138383
917.9888,0.01135785
918.471,0.01133611
918.9531,0.01131803
919.4352,0.01130238
919.9174,0.01128808
920.3995,0.01127364
920.8817,0.0112582
921.3638,0.01124108
921.8459,0.01122246
922.3281,0.011203
922.8102,0.01118358
923.2924,0.0111646
923.7745,0.01114575
924.2567,0.01112531
924.7388,0.01110135
925.2209,0.01107197
925.7031,0.01103657
926.1852,0.01099632
926.6673,0.01095434
927.1495,0.0109143
927.6316,0.01087968
928.1137,0.01085198
928.5959,0.01083049
929.078,0.01081243
929.5601,0.01079384
930.0423,0.01077105
930.5244,0.01074212
931.0065,0.01070714
931.4887,0.01066797
931.9708,0.01062771
932.4529,0.01058919
932.9351,0.01055471
933.4172,0.01052497
933.8994,0.01050011
934.3815,0.01047954
934.8636,0.0104627
935.3458,0.01044901
935.8279,0.0104376
936.3101,0.01042776
936.7922,0.01041798
937.2744,0.01040629
937.7565,0.01039143
938.2386,0.01037245
938.7208,0.01034941
939.2029,0.01032364
939.685,0.01029685
940.1672,0.01027098
940.6493,0.01024685
941.1314,0.01022447
941.6136,0.01020271
942.0957,0.01018003
942.5778,0.01015492
943.06,0.01012709
943.5421,0.0100974
944.0242,0.01006804
944.5064,0.010042
944.9885,0.01002194
945.4706,0.01000962
945.9528,0.01000509
946.4349,0.01000653
946.9171,0.0100106
947.3992,0.01001312
947.8813,0.01001056
948.3635,0.01000049
948.8456,0.009981898
949.3278,0.009956289
949.8099,0.009925949
950.2921,0.009894058
950.7742,0.009863198
951.2563,0.009834983
951.7385,0.009809965
952.2206,0.009787962
952.7027,0.009768609
953.1849,0.009751434
953.667,0.009736602
954.1491,0.009724339
954.6313,0.00971439
955.1134,0.009706077
955.5955,0.009698013
956.0777,0.009688182
956.5598,0.009674935
957.0419,0.009657447
957.5241,0.009636171
958.0062,0.009612439
958.4883,0.009588317
958.9705,0.00956521
959.4526,0.009543934
959.9348,0.009524225
960.4169,0.009505339
960.899,0.009486299
961.3812,0.00946734
961.8633,0.009449624
962.3455,0.009435021
962.8276,0.009425359
963.3098,0.009421752
963.7919,0.009423041
964.274,0.009427067
964.7562,0.009429491
965.2383,0.009426942
965.7204,0.00941637
966.2026,0.009397203
966.6847,0.009370838
967.1668,0.009340421
967.649,0.009310031
968.1311,0.009283449
968.6132,0.009262745
969.0954,0.009248511
969.5775,0.009239618
970.0596,0.009233666
970.5418,0.009227999
971.0239,0.009220876
971.506,0.009211572
971.9882,0.00920054
972.4703,0.009189295
972.9525,0.009179358
973.4346,0.00917161
973.9167,0.009165864
974.3989,0.009160569
974.881,0.00915368
975.3632,0.009143084
975.8453,0.009127713
976.3275,0.009107666
976.8096,0.009084552
977.2917,0.009060751
977.7739,0.009038581
978.256,0.009019427
978.7381,0.009003702
979.2203,0.008991103
979.7024,0.008980445
980.1845,0.008971298
980.6667,0.008963894
981.1488,0.008959373
981.6309,0.008958792
982.1131,0.00896296
982.5952,0.008971351
983.0773,0.00898244
983.5595,0.008993899
984.0416,0.009003603
984.5237,0.009009948
985.0059,0.009012259
985.488,0.009011202
985.9702,0.009007303
986.4523,0.009000991
986.9344,0.008992203
987.4166,0.008980823
987.8987,0.008966825
988.3809,0.00895087
988.863,0.008934963
989.3452,0.008921814
989.8273,0.008913571
990.3094,0.008911785
990.7916,0.008916021
991.2737,0.008923512
991.7558,0.008930537
992.238,0.00893303
992.7201,0.008927803
993.2022,0.008913324
993.6844,0.008890357
994.1665,0.008861685
994.6486,0.008830665
995.1308,0.00880109
995.6129,0.008776432
996.095,0.008758727
996.5772,0.008749014
997.0593,0.008746503
997.5414,0.008749588
998.0236,0.008755771
998.5057,0.008762906
998.9879,0.008769331
999.47,0.008774951
999.9521,0.008781279
1000.434,0.008791299
1000.916,0.008808227
1001.399,0.008834443
1001.881,0.008870512
1002.363,0.008914845
1002.845,0.008963803
1003.327,0.009012944
1003.809,0.009058327
1004.291,0.009097574
1004.773,0.009130293
1005.256,0.009157804
1005.738,0.009182513
1006.22,0.009206186
1006.702,0.009229813
1007.184,0.009253488
1007.666,0.009276608
1008.148,0.009298618
1008.631,0.009319382
1009.113,0.009339242
1009.595,0.009358738
1010.077,0.00937822
1010.559,0.009397472
1011.041,0.009416262
1011.523,0.009434485
1012.006,0.009452104
1012.488,0.009469667
1012.97,0.009487584
1013.452,0.009505381
1013.934,0.009521469
1014.416,0.009533177
1014.898,0.009537914
1015.381,0.009533986
1015.863,0.009522454
1016.345,0.009506498
1016.827,0.009491454
1017.309,0.009482525
1017.791,0.009482884
1018.273,0.009491856
1018.755,0.009505419
1019.238,0.00951696
1019.72,0.009519423
1020.202,0.009508175
1020.684,0.009481677
1021.166,0.009442567
1021.648,0.00939599
1022.13,0.009347847
1022.613,0.009302844
1023.095,0.009264273
1023.577,0.009232522
1024.059,0.009206801
1024.541,0.009185142
1025.023,0.009165753
1025.505,0.009146545
1025.988,0.009125307
1026.47,0.009099396
1026.952,0.009066232
1027.434,0.00902352
1027.916,0.008970342
1028.398,0.00890763
1028.88,0.008838431
1029.363,0.008767541
1029.845,0.00869969
1030.327,0.008639473
1030.809,0.008589932
1031.291,0.008552186
1031.773,0.008525765
1032.255,0.008509042
1032.738,0.008500461
1033.22,0.008498186
1033.702,0.008501383
1034.184,0.00850926
1034.666,0.008521612
1035.148,0.008538201
1035.63,0.008559247
1036.112,0.008584189
1036.594,0.008612762
1037.077,0.008644016
1037.559,0.008676179
1038.041,0.008707209
1038.523,0.008734967
1039.005,0.008757629
1039.487,0.008774227
1039.969,0.008785008
1040.452,0.008790911
1040.934,0.008793436
1041.416,0.008793533
1041.898,0.008791549
1042.38,0.008786852
1042.862,0.008778441
1043.344,0.008765336
1043.827,0.008746925
1044.309,0.008723907
1044.791,0.00869766
1045.273,0.008669475
1045.755,0.008640911
1046.237,0.008612569
1046.719,0.008584904
1047.202,0.008557991
1047.684,0.008531721
1048.166,0.008507271
1048.648,0.008485907
1049.13,0.008469763
1049.612,0.008460548
1050.094,0.008459434
1050.577,0.008467007
1051.059,0.008482529
1051.541,0.008504382
1052.023,0.008530512
1052.505,0.008558053
1052.987,0.008584297
1053.469,0.008606508
1053.951,0.00862262
1054.434,0.008631191
1054.916,0.008631648
1055.398,0.008624262
1055.88,0.008610481
1056.362,0.008592018
1056.844,0.008570392
1057.326,0.00854707
1057.809,0.008522686
1058.291,0.008497494
1058.773,0.008471386
1059.255,0.008443675
1059.737,0.008413831
1060.219,0.008381597
1060.701,0.008346362
1061.184,0.00830841
1061.666,0.00826831
1062.148,0.008227388
1062.63,0.008187538
1063.112,0.00815099
1063.594,0.008120039
1064.076,0.008095804
1064.559,0.008078834
1065.041,0.008068198
1065.523,0.008062475
1066.005,0.008059832
1066.487,0.008059379
1066.969,0.008060648
1067.451,0.008063965
1067.933,0.008069951
1068.416,0.008078491
1068.898,0.008088262
1069.38,0.008097573
1069.862,0.008104109
1070.344,0.008106174
1070.826,0.00810376
1071.308,0.008098379
1071.791,0.0080927
1072.273,0.008089906
1072.755,0.008092387
1073.237,0.008100905
1073.719,0.008114431
1074.201,0.008130641
1074.683,0.00814679
1075.166,0.008160524
1075.648,0.008170313
1076.13,0.008176008
1076.612,0.008177926
1077.094,0.008176871
1077.576,0.008173408
1078.058,0.008167867
1078.541,0.008160504
1079.023,0.008152326
1079.505,0.008143813
1079.987,0.008135872
1080.469,0.008128976
1080.951,0.008122982
1081.433,0.008116545
1081.916,0.008107836
1082.398,0.008094444
1082.88,0.008075057
1083.362,0.008049691
1083.844,0.008019738
1084.326,0.007988409
1084.808,0.007960116
1085.29,0.007939152
1085.772,0.007928957
1086.255,0.007931308
1086.737,0.00794629
1087.219,0.00797176
1087.701,0.008004474
1088.183,0.008040293
1088.665,0.008075192
1089.147,0.008106044
1089.63,0.008130384
1090.112,0.008146695
1090.594,0.008154453
1091.076,0.008153461
1091.558,0.008143669
1092.04,0.008125734
1092.522,0.00810045
1093.005,0.008069619
1093.487,0.008035701
1093.969,0.008001937
1094.451,0.00797172
1094.933,0.007948373
1095.415,0.00793379
1095.897,0.007928457
1096.38,0.007931242
1096.862,0.007940017
1097.344,0.007951972
1097.826,0.007964453
1098.308,0.007975797
1098.79,0.00798537
1099.272,0.007993096
1099.755,0.007999417
1100.237,0.008004667
1100.719,0.00800836
1101.201,0.008009308
1101.683,0.008005725
1102.165,0.007995933
1102.647,0.007979038
1103.129,0.007955582
1103.612,0.007927345
1104.094,0.007897559
1104.576,0.007870053
1105.058,0.007848291
1105.54,0.007834139
1106.022,0.007827947
1106.504,0.007828191
1106.987,0.00783231
1107.469,0.007837438
1107.951,0.007842042
1108.433,0.007845978
1108.915,0.007850027
1109.397,0.007855382
1109.879,0.007862832
1110.362,0.007870999
1110.844,0.007877184
1111.326,0.007878057
1111.808,0.007870169
1112.29,0.007852715
1112.772,0.00782644
1113.254,0.007794292
1113.736,0.007759979
1114.219,0.007726126
1114.701,0.007692991
1115.183,0.007658704
1115.665,0.007620743
1116.147,0.007577077
1116.629,0.007528228
1117.111,0.007477534
1117.594,0.007430749
1118.076,0.007393479
1118.558,0.007369273
1119.04,0.007357994
1119.522,0.007355777
1120.004,0.007356687
1120.486,0.007354991
1120.969,0.007347259
1121.451,0.007333934
1121.933,0.007318406
1122.415,0.007305131
1122.897,0.00729788
1123.379,0.007297728
1123.861,0.007303202
1124.344,0.007311291
1124.826,0.00731923
1125.308,0.007326037
1125.79,0.007333078
1126.272,0.007343226
1126.754,0.007358687
1127.236,0.007380264
1127.719,0.007406105
1128.201,0.007432156
1128.683,0.007454128
1129.165,0.007469507
1129.647,0.007478357
1130.129,0.007483262
1130.611,0.007488279
1131.093,0.007497255
1131.576,0.007511989
1132.058,0.007531642
1132.54,0.007553979
1133.022,0.007576332
1133.504,0.007596988
1133.986,0.007616437
1134.468,0.007636202
1134.95,0.007657975
1135.433,0.007681975
1135.915,0.007706339
1136.397,0.007727167
1136.879,0.00774066
1137.361,0.007744097
1137.843,0.007737997
1138.325,0.007726564
1138.808,0.007716116
1139.29,0.007713708
1139.772,0.007724223
1140.254,0.007749132
1140.736,0.00778593
1141.218,0.007828939
1141.7,0.007871025
1142.183,0.007906341
1142.665,0.007931451
1143.147,0.007946078
1143.629,0.007952546
1144.111,0.007954435
1144.593,0.007955591
1145.075,0.007958787
1145.557,0.007964917
1146.04,0.007973323
1146.522,0.007983048
1147.004,0.007992545
1147.486,0.008001197
1147.968,0.008008733
1148.45,0.008015691
1148.932,0.008022193
1149.415,0.008028189
1149.897,0.008032911
1150.379,0.008035623
1150.861,0.008035542
1151.343,0.008032279
1151.825,0.008026334
1152.307,0.008019608
1152.79,0.008013879
1153.272,0.008011369
1153.754,0.008013785
1154.236,0.008021369
1154.718,0.008033587
1155.2,0.008049424
1155.682,0.008067259
1156.165,0.008086197
1156.647,0.008106316
1157.129,0.008127736
1157.611,0.008151158
1158.093,0.008176864
1158.575,0.008204106
1159.057,0.008231372
1159.54,0.008256081
1160.022,0.00827608
1160.504,0.008289529
1160.986,0.008296139
1161.468,0.008296963
1161.95,0.008294418
1162.432,0.008291244
1162.914,0.008289864
1163.397,0.008291262
1163.879,0.008295251
1164.361,0.008300097
1164.843,0.008303572
1165.325,0.008303439
1165.807,0.008299059
1166.289,0.008291021
1166.771,0.008281324
1167.254,0.008272008
1167.736,0.008265868
1168.218,0.00826338
1168.7,0.00826376
1169.182,0.008265278
1169.664,0.008265301
1170.146,0.008262519
1170.629,0.008257171
1171.111,0.008251146
1171.593,0.00824815
1172.075,0.008251546
1172.557,0.008263587
1173.039,0.008283774
1173.521,0.008309273
1174.004,0.008335224
1174.486,0.008356291
1174.968,0.00836807
1175.45,0.008369011
1175.932,0.008359531
1176.414,0.008342593
1176.896,0.008321358
1177.379,0.008299626
1177.861,0.008279785
1178.343,0.008263729
1178.825,0.008252662
1179.307,0.008248335
1179.789,0.008252104
1180.271,0.008265291
1180.754,0.008287712
1181.236,0.008317909
1181.718,0.008351627
1182.2,0.008383583
1182.682,0.008409069
1183.164,0.008425009
1183.646,0.008431713
1184.128,0.008432114
1184.611,0.008431758
1185.093,0.00843587
1185.575,0.008447407
1186.057,0.008466742
1186.539,0.008490685
1187.021,0.00851405
1187.503,0.008531949
1187.986,0.008540975
1188.468,0.008540358
1188.95,0.008532166
1189.432,0.008519721
1189.914,0.008506861
1190.396,0.008495593
1190.878,0.008487159
1191.361,0.008481247
1191.843,0.008477213
1192.325,0.008474616
1192.807,0.008473627
1193.289,0.00847456
1193.771,0.008477501
1194.253,0.008481811
1194.735,0.008485998
1195.218,0.008488658
1195.7,0.008489342
1196.182,0.008489182
1196.664,0.008490909
1197.146,0.008498807
1197.628,0.00851651
1198.11,0.008546086
1198.593,0.00858647
1199.075,0.008633465
1199.557,0.008680703
1200.039,0.008720621
1200.521,0.008747504
1201.003,0.008757817
1201.485,0.00875202
1201.968,0.008733947
1202.45,0.008709496
1202.932,0.008685268
1203.414,0.008667465
1203.896,0.008659297
1204.378,0.008662279
1204.86,0.008674717
1205.343,0.008692928
1205.825,0.008712573
1206.307,0.008729506
1206.789,0.008740602
1207.271,0.00874515
1207.753,0.008743962
1208.235,0.00873976
1208.718,0.008735551
1209.2,0.008734555
1209.682,0.008738078
1210.164,0.008746821
1210.646,0.008759767
1211.128,0.00877611
1211.61,0.00879581
1212.092,0.008819523
1212.575,0.008848448
1213.057,0.008884052
1213.539,0.008925737
1214.021,0.008971631
1214.503,0.009017232
1214.985,0.009057178
1215.467,0.009086747
1215.949,0.009103593
1216.432,0.009108474
1216.914,0.009105477
1217.396,0.009100141
1217.878,0.009098283
1218.36,0.009103323
1218.842,0.009115759
1219.324,0.009133217
1219.807,0.009152042
1220.289,0.009169319
1220.771,0.009184095
1221.253,0.009198179
1221.735,0.009214788
1222.217,0.009237789
1222.699,0.009268764
1223.182,0.009307274
1223.664,0.009348943
1224.146,0.009388379
1224.628,0.009420075
1225.11,0.009440685
1225.592,0.009449609
1226.074,0.00944919
1226.557,0.009443848
1227.039,0.009438123
1227.521,0.009435541
1228.003,0.009437755
1228.485,0.009444692
1228.967,0.009454615
1229.449,0.009466742
1229.932,0.009480122
1230.414,0.009495372
1230.896,0.009513916
1231.378,0.009537079
1231.86,0.009565994
1232.342,0.009600792
1232.824,0.009640563
1233.306,0.009683822
1233.789,0.0097289
1234.271,0.009773934
1234.753,0.009818044
1235.235,0.00986056
1235.717,0.009901696
1236.199,0.009942025
1236.681,0.009981968
1237.164,0.01002261
1237.646,0.01006458
1238.128,0.01010851
1238.61,0.01015435
1239.092,0.01020215
1239.574,0.01025116
1240.056,0.01030025
1240.539,0.01034825
1241.021,0.0103939
1241.503,0.01043673
1241.985,0.01047644
1242.467,0.01051405
1242.949,0.01055118
1243.431,0.01058935
1243.913,0.01063036
1244.396,0.01067455
1244.878,0.01072157
1245.36,0.01077012
1245.842,0.01081834
1246.324,0.01086474
1246.806,0.01090891
1247.288,0.01095175
1247.771,0.01099581
1248.253,0.01104438
1248.735,0.01110042
1249.217,0.01116546
1249.699,0.01123931
1250.181,0.01131947
1250.663,0.01140225
1251.146,0.01148362
1251.628,0.01156044
1252.11,0.01163126
1252.592,0.01169667
1253.074,0.011759
1253.556,0.0118212
1254.038,0.01188627
1254.521,0.01195644
1255.003,0.01203261
1255.485,0.01211464
1255.967,0.01220142
1256.449,0.0122916
1256.931,0.01238318
1257.413,0.01247483
1257.896,0.01256521
1258.378,0.01265352
1258.86,0.01273957
1259.342,0.0128236
1259.824,0.01290655
1260.306,0.01298918
1260.788,0.01307188
1261.27,0.0131544
1261.753,0.01323497
1262.235,0.01331167
1262.717,0.01338192
1263.199,0.01344365
1263.681,0.01349581
1264.163,0.0135389
1264.645,0.01357444
1265.127,0.01360505
1265.61,0.01363302
1266.092,0.01366113
1266.574,0.01369069
1267.056,0.01372297
1267.538,0.01375765
1268.02,0.0137942
1268.502,0.01383194
1268.985,0.01386919
1269.467,0.01390513
1269.949,0.01393893
1270.431,0.01397069
1270.913,0.01400096
1271.395,0.01403072
1271.877,0.01406151
1272.36,0.01409434
1272.842,0.01412919
1273.324,0.01416449
1273.806,0.01419874
1274.288,0.01422915
1274.77,0.01425395
1275.252,0.01427183
1275.734,0.01428304
1276.217,0.01428883
1276.699,0.01429088
1277.181,0.01429072
1277.663,0.01428917
1278.145,0.01428596
1278.627,0.01428022
1279.109,0.01427029
1279.592,0.0142551
1280.074,0.0142337
1280.556,0.01420577
1281.038,0.01417202
1281.52,0.01413392
1282.002,0.0140928
1282.484,0.01405085
1282.967,0.0140098
1283.449,0.01397111
1283.931,0.01393552
1284.413,0.01390297
1284.895,0.01387192
1285.377,0.01384049
1285.859,0.01380586
1286.342,0.01376503
1286.824,0.01371622
1287.306,0.01365837
1287.788,0.01359174
1288.27,0.01351811
1288.752,0.01344006
1289.234,0.01336086
1289.717,0.01328323
1290.199,0.0132095
1290.681,0.01314097
1291.163,0.01307721
1291.645,0.01301673
1292.127,0.01295723
1292.609,0.01289588
1293.091,0.01283029
1293.573,0.01275952
1294.056,0.01268393
1294.538,0.01260548
1295.02,0.01252724
1295.502,0.01245211
1295.984,0.0123823
1296.466,0.0123177
1296.948,0.01225684
1297.431,0.01219585
1297.913,0.01213095
1298.395,0.01205836
1298.877,0.01197636
1299.359,0.01188556
1299.841,0.01178864
1300.323,0.01168976
1300.806,0.01159356
1301.288,0.01150382
1301.77,0.01142251
1302.252,0.01135009
1302.734,0.01128494
1303.216,0.01122445
1303.698,0.01116581
1304.181,0.01110635
1304.663,0.01104451
1305.145,0.01097967
1305.627,0.01091215
1306.109,0.01084246
1306.591,0.01077238
1307.073,0.01070326
1307.556,0.0106368
1308.038,0.01057448
1308.52,0.01051725
1309.002,0.01046573
1309.484,0.01041942
1309.966,0.01037706
1310.448,0.01033693
1310.93,0.01029672
1311.413,0.01025507
1311.895,0.01021109
1312.377,0.01016566
1312.859,0.01012073
1313.341,0.01007887
1313.823,0.01004203
1314.305,0.0100119
1314.788,0.009987683
1315.27,0.009967088
1315.752,0.009947051
1316.234,0.009924245
1316.716,0.00989681
1317.198,0.009864287
1317.68,0.00982841
1318.163,0.00979224
1318.645,0.009759109
1319.127,0.009731604
1319.609,0.009710745
1320.091,0.009696143
1320.573,0.009685843
1321.055,0.009677362
1321.538,0.009668869
1322.02,0.009659209
1322.502,0.009648029
1322.984,0.009635941
1323.466,0.009623891
1323.948,0.009612588
1324.43,0.009602745
1324.912,0.009594278
1325.395,0.009587095
1325.877,0.009580669
1326.359,0.009574545
1326.841,0.009568059
1327.323,0.009560758
1327.805,0.009552331
1328.287,0.009543049
1328.77,0.009533979
1329.252,0.009526512
1329.734,0.009522531
1330.216,0.00952361
1330.698,0.009531097
1331.18,0.009545131
1331.662,0.009564918
1332.145,0.009588261
1332.627,0.009612742
1333.109,0.009635173
1333.591,0.009653078
1334.073,0.00966457
1334.555,0.009668062
1335.037,0.009663504
1335.52,0.009651965
1336.002,0.009635914
1336.484,0.009618458
1336.966,0.009603505
1337.448,0.009594354
1337.93,0.009593217
1338.412,0.00960055
1338.895,0.009614924
1339.377,0.009633817
1339.859,0.009654754
1340.341,0.009675656
1340.823,0.009696484
1341.305,0.009718768
1341.787,0.009744187
1342.269,0.009774012
1342.751,0.009807744
1343.234,0.009843266
1343.716,0.009876596
1344.198,0.009903787
1344.68,0.009922429
1345.162,0.009932377
1345.644,0.009935487
1346.126,0.009936141
1346.609,0.009938566
1347.091,0.009946166
1347.573,0.009960668
1348.055,0.00998159
1348.537,0.01000689
1349.019,0.01003397
1349.501,0.01006044
1349.984,0.01008465
1350.466,0.01010555
1350.948,0.01012363
1351.43,0.01013896
1351.912,0.01015287
1352.394,0.01016671
1352.876,0.01018205
1353.359,0.01020083
1353.841,0.01022459
1354.323,0.01025458
1354.805,0.01029099
1355.287,0.01033349
1355.769,0.01038074
1356.251,0.01043095
1356.734,0.0104833
1357.216,0.01053702
1357.698,0.01059187
1358.18,0.0106481
1358.662,0.01070592
1359.144,0.01076581
1359.626,0.01082813
1360.108,0.01089352
1360.591,0.01096315
1361.073,0.01103765
1361.555,0.01111736
1362.037,0.01120136
1362.519,0.01128773
1363.001,0.01137275
1363.483,0.01145194
1363.966,0.01152137
1364.448,0.01157809
1364.93,0.01162092
1365.412,0.01165036
1365.894,0.01166882
1366.376,0.01167904
1366.858,0.01168427
1367.341,0.01168728
1367.823,0.01169029
1368.305,0.01169474
1368.787,0.01170163
1369.269,0.01171098
1369.751,0.0117221
1370.233,0.01173377
1370.716,0.01174401
1371.198,0.0117519
1371.68,0.01175654
1372.162,0.01175881
1372.644,0.01176031
1373.126,0.01176314
1373.608,0.0117694
1374.09,0.01178003
1374.573,0.01179434
1375.055,0.01181075
1375.537,0.01182665
1376.019,0.01184033
1376.501,0.01185099
1376.983,0.0118597
1377.465,0.01186814
1377.948,0.011879
1378.43,0.01189359
1378.912,0.01191215
1379.394,0.01193371
1379.876,0.01195653
1380.358,0.01197868
1380.84,0.01199957
1381.323,0.01201973
1381.805,0.0120406
1382.287,0.01206466
1382.769,0.01209318
1383.251,0.01212606
1383.733,0.01216187
1384.215,0.01219751
1384.698,0.01222953
1385.18,0.01225501
1385.662,0.01227243
1386.144,0.01228261
1386.626,0.01228792
1387.108,0.01229186
1387.59,0.01229759
1388.073,0.01230693
1388.555,0.012319
1389.037,0.01233145
1389.519,0.01234095
1390.001,0.01234466
1390.483,0.01234123
1390.965,0.01233183
1391.447,0.01231991
1391.929,0.01230955
1392.412,0.01230439
1392.894,0.01230644
1393.376,0.01231513
1393.858,0.01232735
1394.34,0.01233912
1394.822,0.0123464
1395.304,0.01234713
1395.787,0.01234068
1396.269,0.01232814
1396.751,0.01231119
1397.233,0.01229191
1397.715,0.01227125
1398.197,0.01224929
1398.679,0.01222642
1399.162,0.01220277
1399.644,0.01217901
1400.126,0.01215599
1400.608,0.01213457
1401.09,0.01211464
1401.572,0.01209564
1402.054,0.01207635
1402.537,0.01205519
1403.019,0.01203173
1403.501,0.01200632
1403.983,0.01197965
1404.465,0.01195325
1404.947,0.01192806
1405.429,0.01190433
1405.911,0.01188158
1406.394,0.01185914
1406.876,0.01183607
1407.358,0.01181207
1407.84,0.01178716
1408.322,0.01176156
1408.804,0.01173508
1409.286,0.01170673
1409.769,0.01167593
1410.251,0.01164168
1410.733,0.01160393
1411.215,0.01156363
1411.697,0.01152182
1412.179,0.01148041
1412.661,0.01144013
1413.144,0.01140091
1413.626,0.01136171
1414.108,0.01132125
1414.59,0.01127884
1415.072,0.0112347
1415.554,0.0111909
1416.036,0.0111498
1416.519,0.01111369
1417.001,0.01108472
1417.483,0.01106301
1417.965,0.01104764
1418.447,0.0110368
1418.929,0.0110283
1419.411,0.01102075
1419.894,0.01101266
1420.376,0.01100332
1420.858,0.01099153
1421.34,0.01097617
1421.822,0.01095573
1422.304,0.01092999
1422.786,0.01089944
1423.268,0.01086632
1423.75,0.01083394
1424.233,0.01080592
1424.715,0.01078479
1425.197,0.01077109
1425.679,0.0107632
1426.161,0.01075736
1426.643,0.01074975
1427.125,0.01073683
1427.608,0.01071789
1428.09,0.01069411
1428.572,0.01066911
1429.054,0.010647
1429.536,0.01063146
1430.018,0.01062415
1430.5,0.01062435
1430.983,0.01062948
1431.465,0.01063571
1431.947,0.01064002
1432.429,0.01063993
1432.911,0.01063598
1433.393,0.01062975
1433.875,0.0106239
1434.358,0.0106209
1434.84,0.01062205
1435.322,0.01062664
1435.804,0.01063277
1436.286,0.01063736
1436.768,0.01063807
1437.25,0.01063326
1437.732,0.01062249
1438.215,0.01060734
1438.697,0.0105885
1439.179,0.01056731
1439.661,0.01054412
1440.143,0.01051936
1440.625,0.01049346
1441.107,0.01046755
1441.59,0.0104439
1442.072,0.01042509
1442.554,0.01041254
1443.036,0.01040659
1443.518,0.01040525
1444,0.01040474
1444.482,0.01040033
1444.965,0.01038895
1445.447,0.01036934
1445.929,0.01034289
1446.411,0.01031336
1446.893,0.01028497
1447.375,0.01026086
1447.857,0.01024233
1448.34,0.01022804
1448.822,0.01021495
1449.304,0.01020068
1449.786,0.01018362
1450.268,0.01016415
1450.75,0.01014398
1451.232,0.01012527
1451.715,0.01010937
1452.197,0.01009606
1452.679,0.01008332
1453.161,0.01006905
1453.643,0.01005179
1454.125,0.01003099
1454.607,0.01000851
1455.089,0.009987043
1455.572,0.009970019
1456.054,0.009959598
1456.536,0.009956377
1457.018,0.009959131
1457.5,0.009965173
1457.982,0.009971319
1458.464,0.009974959
1458.947,0.009974672
1459.429,0.009969567
1459.911,0.009960379
1460.393,0.009947989
1460.875,0.009934063
1461.357,0.009920473
1461.839,0.009908984
1462.322,0.009901081
1462.804,0.009897603
1463.286,0.009898352
1463.768,0.009902205
1464.25,0.009907093
1464.732,0.009911292
1465.214,0.009913371
1465.697,0.009912734
1466.179,0.009909582
1466.661,0.009904251
1467.143,0.009897237
1467.625,0.00988849
1468.107,0.009877707
1468.589,0.009865333
1469.072,0.009852062
1469.553,0.009839571
1470.036,0.009829888
1470.518,0.0098248
1471,0.009824705
1471.482,0.009828568
1471.964,0.009833969
1472.446,0.009838329
1472.928,0.009839517
1473.411,0.009836889
1473.893,0.009832074
1474.375,0.009827751
1474.857,0.009826794
1475.339,0.009830603
1475.821,0.00983888
1476.303,0.009849745
1476.786,0.009860267
1477.268,0.009867809
1477.75,0.00987118
1478.232,0.009871167
1478.714,0.009869908
1479.196,0.009870787
1479.678,0.009876246
1480.161,0.009887829
1480.643,0.009905597
1481.125,0.009927565
1481.607,0.009951186
1482.089,0.009973974
1482.571,0.009993833
1483.053,0.01000951
1483.536,0.0100207
1484.018,0.0100283
1484.5,0.01003346
1484.982,0.01003762
1485.464,0.01004233
1485.946,0.01004894
1486.428,0.01005885
1486.91,0.01007302
1487.393,0.01009236
1487.875,0.01011711
1488.357,0.01014719
1488.839,0.01018145
1489.321,0.01021808
1489.803,0.01025374
1490.285,0.0102856
1490.768,0.01031046
1491.25,0.01032615
1491.732,0.0103328
1492.214,0.01033202
1492.696,0.01032737
1493.178,0.01032261
1493.66,0.01032162
1494.143,0.01032686
1494.625,0.01033865
1495.107,0.01035582
1495.589,0.01037648
1496.071,0.01039836
1496.553,0.01041971
1497.035,0.01044025
1497.518,0.01046005
1498,0.01047981
1498.482,0.01049963
1498.964,0.01051886
1499.446,0.01053648
1499.928,0.01055179
1500.41,0.01056397
1500.893,0.01057313
1501.375,0.01058042
1501.857,0.01058731
1502.339,0.01059587
1502.821,0.01060777
1503.303,0.01062474
1503.785,0.01064846
1504.267,0.01068065
1504.75,0.01072147
1505.232,0.010771
1505.714,0.01082679
1506.196,0.01088435
1506.678,0.01093768
1507.16,0.0109811
1507.642,0.01100965
1508.125,0.01102217
1508.607,0.01102036
1509.089,0.01100964
1509.571,0.01099647
1510.053,0.01098706
1510.535,0.01098604
1511.017,0.01099499
1511.5,0.01101225
1511.982,0.01103385
1512.464,0.01105536
1512.946,0.01107295
1513.428,0.01108556
1513.91,0.0110944
1514.392,0.01110232
1514.875,0.01111346
1515.357,0.01112982
1515.839,0.011152
1516.321,0.01117747
1516.803,0.01120214
1517.285,0.01122155
1517.767,0.01123264
1518.25,0.01123564
1518.731,0.01123373
1519.214,0.01123213
1519.696,0.01123662
1520.178,0.01125094
1520.66,0.01127588
1521.142,0.01130847
1521.624,0.01134299
1522.106,0.01137341
1522.589,0.01139647
1523.071,0.01141163
1523.553,0.01142182
1524.035,0.01143186
1524.517,0.01144611
1524.999,0.01146644
1525.481,0.01149182
1525.964,0.01151881
1526.446,0.01154308
1526.928,0.01156186
1527.41,0.01157489
1527.892,0.01158447
1528.374,0.01159436
1528.856,0.0116076
1529.339,0.01162513
1529.821,0.01164551
1530.303,0.0116658
1530.785,0.0116829
1531.267,0.01169623
1531.749,0.01170704
1532.231,0.01171956
1532.714,0.01173793
1533.196,0.01176474
1533.678,0.01179916
1534.16,0.01183733
1534.642,0.01187273
1535.124,0.01189965
1535.606,0.01191468
1536.088,0.01191863
1536.571,0.01191543
1537.053,0.01191196
1537.535,0.01191466
1538.017,0.01192934
1538.499,0.01195835
1538.981,0.01200104
1539.463,0.01205372
1539.946,0.01211158
1540.428,0.01217042
1540.91,0.0122271
1541.392,0.01228055
1541.874,0.01233206
1542.356,0.01238344
1542.838,0.01243705
1543.321,0.01249365
1543.803,0.01255306
1544.285,0.01261246
1544.767,0.01266824
1545.249,0.01271561
1545.731,0.01275199
1546.213,0.01277685
1546.696,0.01279259
1547.178,0.01280379
1547.66,0.01281598
1548.142,0.01283315
1548.624,0.01285613
1549.106,0.01288247
1549.588,0.01290831
1550.071,0.01292887
1550.552,0.0129418
1551.035,0.01294797
1551.517,0.01295115
1551.999,0.01295686
1552.481,0.0129688
1552.963,0.01298851
1553.445,0.01301337
1553.927,0.01303788
1554.41,0.01305653
1554.892,0.01306546
1555.374,0.01306573
1555.856,0.01306305
1556.338,0.01306511
1556.82,0.01308146
1557.302,0.01311818
1557.785,0.01317692
1558.267,0.01325302
1558.749,0.01333687
1559.231,0.01341725
1559.713,0.01348307
1560.195,0.01352843
1560.677,0.01355218
1561.16,0.01355853
1561.642,0.0135538
1562.124,0.01354563
1562.606,0.01353967
1563.088,0.01353962
1563.57,0.01354612
1564.052,0.01355764
1564.535,0.0135714
1565.017,0.01358499
1565.499,0.01359648
1565.981,0.01360681
1566.463,0.01361773
1566.945,0.01363262
1567.427,0.01365488
1567.909,0.01368659
1568.392,0.01372823
1568.874,0.01377876
1569.356,0.01383532
1569.838,0.0138944
1570.32,0.01395257
1570.802,0.014007
1571.284,0.01405547
1571.767,0.01409688
1572.249,0.01413099
1572.731,0.0141589
1573.213,0.01418372
1573.695,0.01420974
1574.177,0.01424226
1574.659,0.01428685
1575.142,0.01434739
1575.624,0.0144244
1576.106,0.01451432
1576.588,0.01461124
1577.07,0.01470737
1577.552,0.01479684
1578.034,0.01487723
1578.517,0.01494988
1578.999,0.01501963
1579.481,0.01509215
1579.963,0.01517217
1580.445,0.01526225
1580.927,0.01536139
1581.409,0.01546671
1581.892,0.01557447
1582.374,0.01568204
1582.856,0.01578823
1583.338,0.01589451
1583.82,0.01600312
1584.302,0.01611632
1584.784,0.01623557
1585.266,0.01636153
1585.749,0.01649355
1586.231,0.01663057
1586.713,0.0167719
1587.195,0.01691722
1587.677,0.01706633
1588.159,0.017219
1588.641,0.01737476
1589.124,0.01753264
1589.606,0.01769217
1590.088,0.01785199
1590.57,0.01801274
1591.052,0.01817455
1591.534,0.01833853
1592.016,0.01850586
1592.499,0.0186776
1592.981,0.01885473
1593.463,0.01903788
1593.945,0.01922786
1594.427,0.01942528
1594.909,0.01963005
1595.391,0.01984136
1595.874,0.02005792
1596.356,0.02027738
1596.838,0.02049733
1597.32,0.02071588
1597.802,0.02093178
1598.284,0.02114553
1598.766,0.02135815
1599.249,0.02157124
1599.73,0.02178675
1600.213,0.0220065
1600.695,0.02223148
1601.177,0.02246258
1601.659,0.02269982
1602.141,0.02294368
1602.623,0.02319348
1603.105,0.02344801
1603.588,0.02370614
1604.07,0.02396676
1604.552,0.02422861
1605.034,0.0244916
1605.516,0.02475565
1605.998,0.02502161
1606.48,0.02528932
1606.963,0.02555849
1607.445,0.02582825
1607.927,0.02609754
1608.409,0.02636588
1608.891,0.02663418
1609.373,0.0269043
1609.855,0.02717821
1610.338,0.02745678
1610.82,0.02773816
1611.302,0.0280182
1611.784,0.02829095
1612.266,0.02855127
1612.748,0.02879746
1613.23,0.02903268
1613.713,0.02926538
1614.195,0.02950726
1614.677,0.02976962
1615.159,0.03005949
1615.641,0.0303777
1616.123,0.03071563
1616.605,0.03105908
1617.087,0.03139122
1617.57,0.03169847
1618.052,0.03197371
1618.534,0.0322185
1619.016,0.0324403
1619.498,0.03265111
1619.98,0.03286137
1620.462,0.03307973
1620.945,0.03331
1621.427,0.03355044
1621.909,0.03379644
1622.391,0.03404092
1622.873,0.03427715
1623.355,0.03450014
1623.837,0.03470743
1624.32,0.03489993
1624.802,0.03508051
1625.284,0.03525393
1625.766,0.03542439
1626.248,0.03559531
1626.73,0.03576851
1627.212,0.03594276
1627.695,0.03611606
1628.177,0.03628473
1628.659,0.03644511
1629.141,0.03659396
1629.623,0.03672859
1630.105,0.03684653
1630.587,0.03694628
1631.07,0.03702679
1631.552,0.03708883
1632.034,0.03713569
1632.516,0.03717351
1632.998,0.03721169
1633.48,0.0372594
1633.962,0.03732461
1634.444,0.03741034
1634.927,0.03751184
1635.409,0.03761797
1635.891,0.03771365
1636.373,0.03778463
1636.855,0.0378223
1637.337,0.03782647
1637.819,0.037804
1638.302,0.03776671
1638.784,0.03772486
1639.266,0.03768538
1639.748,0.03764841
1640.23,0.03760866
1640.712,0.03755879
1641.194,0.03749262
1641.677,0.03740847
1642.159,0.03731017
1642.641,0.03720511
1643.123,0.03710196
1643.605,0.03700793
1644.087,0.0369263
1644.569,0.03685669
1645.052,0.03679512
1645.534,0.03673616
1646.016,0.03667401
1646.498,0.03660264
1646.98,0.03651497
1647.462,0.03640452
1647.944,0.03626512
1648.427,0.03609407
1648.908,0.03589355
1649.391,0.035672
1649.873,0.03544516
1650.355,0.03523171
1650.837,0.03505099
1651.319,0.0349168
1651.801,0.03483282
1652.283,0.03478931
1652.766,0.03476486
1653.248,0.03473176
1653.73,0.0346657
1654.212,0.03455174
1654.694,0.03438816
1655.176,0.0341843
1655.658,0.03395566
1656.141,0.03371875
1656.623,0.03348624
1657.105,0.03326571
1657.587,0.03305925
1658.069,0.03286408
1658.551,0.03267573
1659.033,0.03248927
1659.516,0.03230236
1659.998,0.03211481
1660.48,0.03192841
1660.962,0.0317462
1661.444,0.03157112
1661.926,0.03140433
1662.408,0.03124471
1662.891,0.03108827
1663.373,0.0309294
1663.855,0.03076231
1664.337,0.03058187
1664.819,0.03038595
1665.301,0.03017599
1665.783,0.02995625
1666.265,0.0297338
1666.748,0.02951601
1667.23,0.02930932
1667.712,0.02911804
1668.194,0.02894315
1668.676,0.02878271
1669.158,0.0286317
1669.64,0.02848466
1670.123,0.02833491
1670.605,0.02817677
1671.087,0.02800774
1671.569,0.02782668
1672.051,0.02763573
1672.533,0.02744028
1673.015,0.02724725
1673.498,0.02706331
1673.98,0.02689376
1674.462,0.02674089
1674.944,0.02660167
1675.426,0.02647132
1675.908,0.02634247
1676.39,0.02620965
1676.873,0.02607073
1677.355,0.02592726
1677.837,0.02578334
1678.319,0.02564224
1678.801,0.02550511
1679.283,0.02536978
1679.765,0.02523059
1680.248,0.02508167
1680.729,0.02492058
1681.212,0.02475022
1681.694,0.02457934
1682.176,0.02442039
1682.658,0.02428645
1683.14,0.02418537
1683.622,0.02411735
1684.104,0.02407419
1684.587,0.02404071
1685.069,0.02400074
1685.551,0.02394234
1686.033,0.02386065
1686.515,0.02375877
1686.997,0.02364472
1687.479,0.02352855
1687.962,0.02341867
1688.444,0.02331984
1688.926,0.02323332
1689.408,0.02315607
1689.89,0.02308276
1690.372,0.02300768
1690.854,0.02292551
1691.337,0.0228333
1691.819,0.02273087
1692.301,0.02262238
1692.783,0.02251541
1693.265,0.02241938
1693.747,0.0223439
1694.229,0.02229447
1694.712,0.0222709
1695.194,0.0222649
1695.676,0.02226237
1696.158,0.0222475
1696.64,0.02220939
1697.122,0.02214459
1697.604,0.02206064
1698.086,0.02197091
1698.569,0.02189122
1699.051,0.02183324
1699.533,0.02180081
1700.015,0.02178715
1700.497,0.02177876
1700.979,0.02175992
1701.461,0.02171947
1701.944,0.02165483
1702.426,0.0215714
1702.908,0.02148009
1703.39,0.02139171
1703.872,0.02131315
1704.354,0.02124607
1704.836,0.02118575
1705.319,0.02112523
1705.801,0.02105758
1706.283,0.02097943
1706.765,0.02089083
1707.247,0.02079497
1707.729,0.02069587
1708.211,0.02059591
1708.694,0.0204948
1709.176,0.02039044
1709.658,0.02027987
1710.14,0.02016127
1710.622,0.02003401
1711.104,0.01989953
1711.586,0.0197604
1712.069,0.01961905
1712.551,0.01947626
1713.033,0.01933249
1713.515,0.01918696
1713.997,0.01903923
1714.479,0.01888923
1714.961,0.01873894
1715.443,0.01858993
1715.926,0.01844502
1716.408,0.01830418
1716.89,0.01816661
1717.372,0.01802929
1717.854,0.01788794
1718.336,0.01773838
1718.818,0.01757768
1719.301,0.01740515
1719.783,0.01722166
1720.265,0.01702942
1720.747,0.01683158
1721.229,0.01663077
1721.711,0.01642873
1722.193,0.0162267
1722.676,0.0160253
1723.158,0.0158246
1723.64,0.01562583
1724.122,0.01542939
1724.604,0.01523592
1725.086,0.01504538
1725.568,0.01485547
1726.051,0.0146634
1726.533,0.01446521
1727.015,0.01425822
1727.497,0.01404055
1727.979,0.01381372
1728.461,0.01358194
1728.943,0.01335074
1729.426,0.01312619
1729.907,0.01291313
1730.39,0.01271237
1730.872,0.01252316
1731.354,0.01234323
1731.836,0.01217017
1732.318,0.0120026
1732.8,0.0118415
1733.282,0.01168787
1733.765,0.01154207
1734.247,0.01140233
1734.729,0.01126424
1735.211,0.011122
1735.693,0.01096963
1736.175,0.01080459
1736.657,0.01062811
1737.14,0.01044574
1737.622,0.0102653
1738.104,0.01009455
1738.586,0.009939385
1739.068,0.009802204
1739.55,0.009681257
1740.032,0.009571943
1740.515,0.00946813
1740.997,0.009364739
1741.479,0.009258327
1741.961,0.009146318
1742.443,0.00902813
1742.925,0.008903759
1743.407,0.008773142
1743.89,0.008638271
1744.372,0.008501241
1744.854,0.008366383
1745.336,0.008237554
1745.818,0.008118321
1746.3,0.008010795
1746.782,0.007914511
1747.264,0.007827429
1747.747,0.007746039
1748.229,0.007666956
1748.711,0.007588654
1749.193,0.007510375
1749.675,0.007432823
1750.157,0.00735535
1750.639,0.007278077
1751.122,0.00719948
1751.604,0.007117801
1752.086,0.007033155
1752.568,0.006947768
1753.05,0.00686504
1753.532,0.006789073
1754.014,0.006723216
1754.497,0.006668177
1754.979,0.006621908
1755.461,0.006579608
1755.943,0.006535934
1756.425,0.006486311
1756.907,0.006428796
1757.389,0.006364149
1757.872,0.006295477
1758.354,0.006226538
1758.836,0.006161093
1759.318,0.00610108
1759.8,0.006048149
1760.282,0.006002543
1760.764,0.005963673
1761.247,0.005930902
1761.729,0.005902641
1762.211,0.005876895
1762.693,0.005850547
1763.175,0.005820006
1763.657,0.005783148
1764.139,0.005739556
1764.621,0.005691291
1765.104,0.00564188
1765.586,0.005595452
1766.068,0.005555601
1766.55,0.005522096
1767.032,0.005493117
1767.514,0.005463648
1767.996,0.005429563
1768.479,0.005388261
1768.961,0.005340209
1769.443,0.005289182
1769.925,0.005240963
1770.407,0.005200872
1770.889,0.005171865
1771.371,0.005153183
1771.854,0.005140933
1772.336,0.005128675
1772.818,0.005109907
1773.3,0.005080835
1773.782,0.005040864
1774.264,0.004991938
1774.746,0.004939081
1775.229,0.004886732
1775.711,0.004838619
1776.193,0.004796525
1776.675,0.004759976
1777.157,0.004727615
1777.639,0.004698201
1778.121,0.004670252
1778.604,0.004644128
1779.085,0.004620064
1779.568,0.004598241
1780.05,0.004577831
1780.532,0.004556994
1781.014,0.004533297
1781.496,0.004504838
1781.978,0.004470603
1782.46,0.004432607
1782.943,0.004394178
1783.425,0.004359828
1783.907,0.004333545
1784.389,0.004316642
1784.871,0.00430758
1785.353,0.004302319
1785.835,0.004294734
1786.318,0.004280062
1786.8,0.004255262
1787.282,0.004220862
1787.764,0.004179894
1788.246,0.00413694
1788.728,0.004096645
1789.21,0.004061932
1789.693,0.004033103
1790.175,0.004009386
1790.657,0.003988758
1791.139,0.00396949
1791.621,0.003950571
1792.103,0.003932237
1792.585,0.00391479
1793.067,0.003898407
1793.55,0.003881836
1794.032,0.003863703
1794.514,0.003842095
1794.996,0.003816052
1795.478,0.003785871
1795.96,0.003752744
1796.442,0.003719421
1796.925,0.003688474
1797.407,0.003661281
1797.889,0.0036391
1798.371,0.00362074
1798.853,0.003605483
1799.335,0.003591237
1799.817,0.003576862
1800.3,0.003560982
1800.782,0.003543834
1801.264,0.003524878
1801.746,0.003504713
1802.228,0.003484057
1802.71,0.00346423
1803.192,0.003446253
1803.675,0.003431387
1804.157,0.003420237
1804.639,0.003413584
1805.121,0.003410831
1805.603,0.003410841
1806.085,0.003411752
1806.567,0.00341128
1807.05,0.003406597
1807.531,0.003395116
1808.014,0.003374181
1808.496,0.003343185
1808.978,0.003302002
1809.46,0.003252851
1809.942,0.003199824
1810.424,0.003148638
1810.906,0.003103693
1811.389,0.003068547
1811.871,0.00304387
1812.353,0.003027319
1812.835,0.003014135
1813.317,0.002999136
1813.799,0.002978154
1814.281,0.002950646
1814.764,0.002919321
1815.246,0.002889611
1815.728,0.002869245
1816.21,0.002864087
1816.692,0.002877233
1817.174,0.00290791
1817.656,0.002951601
1818.139,0.003001788
1818.621,0.003051096
1819.103,0.003092991
1819.585,0.003123409
1820.067,0.003140887
1820.549,0.003145473
1821.031,0.003138491
1821.514,0.003122539
1821.996,0.003100879
1822.478,0.003076966
1822.96,0.003054132
1823.442,0.003035653
1823.924,0.003024565
1824.406,0.003020935
1824.888,0.003024647
1825.371,0.003032367
1825.853,0.003040031
1826.335,0.003042899
1826.817,0.003036835
1827.299,0.003019708
1827.781,0.002992054
1828.263,0.002956543
1828.746,0.002918095
1829.228,0.002882669
1829.71,0.00285684
1830.192,0.002844081
1830.674,0.002845927
1831.156,0.00286056
1831.638,0.002883971
1832.121,0.002909406
1832.603,0.00293138
1833.085,0.002944527
1833.567,0.002946642
1834.049,0.002936316
1834.531,0.002914881
1835.013,0.002884342
1835.496,0.002848173
1835.978,0.002809666
1836.46,0.002772179
1836.942,0.002738948
1837.424,0.002713277
1837.906,0.002697002
1838.388,0.002690497
1838.871,0.00269267
1839.353,0.002700469
1839.835,0.002709313
1840.317,0.002714489
1840.799,0.002712813
1841.281,0.002702811
1841.763,0.002685884
1842.245,0.002664662
1842.728,0.002643979
1843.21,0.002628066
1843.692,0.002619866
1844.174,0.002621226
1844.656,0.002630803
1845.138,0.002647131
1845.62,0.002666782
1846.103,0.002686321
1846.585,0.002702492
1847.067,0.002713699
1847.549,0.002718522
1848.031,0.002717205
1848.513,0.00271103
1848.995,0.002702394
1849.478,0.002691354
1849.96,0.002678648
1850.442,0.002663537
1850.924,0.002645094
1851.406,0.00262178
1851.888,0.002594331
1852.37,0.002565328
1852.853,0.00253902
1853.335,0.002520276
1853.817,0.002513415
1854.299,0.002520478
1854.781,0.002540615
1855.263,0.002569149
1855.745,0.002600844
1856.228,0.00263046
1856.709,0.002654906
1857.192,0.00267245
1857.674,0.002684384
1858.156,0.002692246
1858.638,0.002697702
1859.12,0.002700689
1859.602,0.002701575
1860.084,0.002700049
1860.567,0.002696481
1861.049,0.002691983
1861.531,0.0026881
1862.013,0.002685516
1862.495,0.002683673
1862.977,0.002679227
1863.459,0.002668522
1863.942,0.002647092
1864.424,0.002614123
1864.906,0.002570538
1865.388,0.002522469
1865.87,0.002477912
1866.352,0.00244605
1866.834,0.00243235
1867.317,0.002439432
1867.799,0.002463837
1868.281,0.002498189
1868.763,0.002532747
1869.245,0.00255701
1869.727,0.002564319
1870.209,0.002552797
1870.692,0.00252448
1871.174,0.002486448
1871.656,0.002447464
1872.138,0.002416737
1872.62,0.002400308
1873.102,0.002401798
1873.584,0.002420659
1874.066,0.002452858
1874.549,0.002492241
1875.031,0.002533389
1875.513,0.002570446
1875.995,0.002600166
1876.477,0.002621043
1876.959,0.00263301
1877.441,0.002637368
1877.924,0.00263661
1878.406,0.002632416
1878.888,0.002627158
1879.37,0.002621835
1879.852,0.002617384
1880.334,0.002612117
1880.816,0.002604034
1881.299,0.00259057
1881.781,0.002570092
1882.263,0.002542973
1882.745,0.002512649
1883.227,0.002485377
1883.709,0.002468547
1884.191,0.002468929
1884.674,0.00248929
1885.156,0.002527959
1885.638,0.002578243
1886.12,0.002628368
1886.602,0.00266673
1887.084,0.002683095
1887.566,0.002673113
1888.049,0.002636076
1888.531,0.002578935
1889.013,0.002512726
1889.495,0.00245076
1889.977,0.00240585
1890.459,0.002388245
1890.941,0.00240293
1891.423,0.002448547
1891.906,0.002516574
1892.388,0.002592819
1892.87,0.002659545
1893.352,0.00270107
1893.834,0.002706101
1894.316,0.002672471
1894.798,0.002607836
1895.281,0.002527804
1895.763,0.002448809
1896.245,0.002385472
1896.727,0.002345048
1897.209,0.002326606
1897.691,0.002321459
1898.173,0.002320598
1898.656,0.002317087
1899.138,0.002311049
1899.62,0.002308164
1900.102,0.002316832
1900.584,0.002343565
1901.066,0.002389326
1901.548,0.002445034
1902.031,0.002498435
1902.513,0.002533845
1902.995,0.002541824
1903.477,0.002518238
1903.959,0.002469331
1904.441,0.002407111
1904.923,0.002345751
1905.406,0.002297151
1905.887,0.002268287
1906.37,0.002259423
1906.852,0.002267217
1907.334,0.002284267
1907.816,0.002303036
1908.298,0.002317061
1908.78,0.002321515
1909.262,0.002313474
1909.745,0.002292611
1910.227,0.002262091
1910.709,0.002227429
1911.191,0.002195419
1911.673,0.002172919
1912.155,0.002164066
1912.637,0.002169822
1913.12,0.002186575
1913.602,0.002207851
1914.084,0.002227358
1914.566,0.002241912
1915.048,0.002250748
1915.53,0.002257233
1916.012,0.002266077
1916.495,0.002281102
1916.977,0.002300592
1917.459,0.002322131
1917.941,0.002339985
1918.423,0.002351346
1918.905,0.002355253
1919.387,0.002356227
1919.87,0.002360774
1920.352,0.002375214
1920.834,0.002400256
1921.316,0.002432782
1921.798,0.00246328
1922.28,0.002481146
1922.762,0.00247557
1923.244,0.002441167
1923.727,0.002379133
1924.209,0.00229738
1924.691,0.002205427
1925.173,0.002115357
1925.655,0.002035293
1926.137,0.001970805
1926.619,0.00192299
1927.102,0.001890896
1927.584,0.001872934
1928.066,0.0018686
1928.548,0.001876368
1929.03,0.00189676
1929.512,0.001929017
1929.994,0.001972701
1930.477,0.002024167
1930.959,0.002079125
1931.441,0.002131997
1931.923,0.002178415
1932.405,0.002212469
1932.887,0.002231579
1933.369,0.002233742
1933.852,0.002221064
1934.334,0.002196234
1934.816,0.002164902
1935.298,0.00213349
1935.78,0.002109522
1936.262,0.002097956
1936.744,0.002102531
1937.227,0.002122295
1937.708,0.002152303
1938.191,0.002182843
1938.673,0.002200775
1939.155,0.002193205
1939.637,0.002149549
1940.119,0.002066047
1940.601,0.001948482
1941.083,0.001809798
1941.566,0.001672164
1942.048,0.001556144
1942.53,0.001480057
1943.012,0.001454499
1943.494,0.001478276
1943.976,0.001541686
1944.458,0.001630177
1944.941,0.001727375
1945.423,0.001822888
1945.905,0.001909023
1946.387,0.001983509
1946.869,0.002047175
1947.351,0.002102662
1947.833,0.002148991
1948.316,0.002185961
1948.798,0.002212139
1949.28,0.00222784
1949.762,0.002231176
1950.244,0.002221815
1950.726,0.002197998
1951.208,0.00215615
1951.691,0.002090297
1952.173,0.00199725
1952.655,0.001875117
1953.137,0.00172817
1953.619,0.001563795
1954.101,0.001392431
1954.583,0.001224844
1955.065,0.001072579
1955.548,0.000939726
1956.03,0.0008305722
1956.512,0.0007431143
1956.994,0.0006768425
1957.476,0.0006237192
1957.958,0.0005745331
1958.44,0.0005198063
1958.923,0.000450639
1959.405,0.000361568
1959.887,0.0002579117
1960.369,0.0001532425
1960.851,6.98466e-05
1961.333,2.722994e-05
1961.815,3.594734e-05
1962.298,8.953565e-05
1962.78,0.0001674811
1963.262,0.000232263
1963.744,0.0002524965
1964.226,0.0002093318
1964.708,0.0001105448
1965.19,-1.614829e-05
1965.673,-0.0001275163
1966.155,-0.0001840194
1966.637,-0.000165041
1967.119,-8.238177e-05
1967.601,2.65346e-05
1968.083,0.0001095607
1968.565,0.0001215909
1969.048,3.855918e-05
1969.53,-0.0001333779
1970.012,-0.0003576944
1970.494,-0.000581018
1970.976,-0.0007563057
1971.458,-0.0008507278
1971.94,-0.000859356
1972.422,-0.0007975395
1972.905,-0.0007013975
1973.387,-0.0006056551
1973.869,-0.0005344967
1974.351,-0.0004918039
1974.833,-0.0004675307
1975.315,-0.000430227
1975.797,-0.0003450681
1976.28,-0.0001775691
1976.762,8.633084e-05
1977.244,0.0004417439
1977.726,0.0008593977
1978.208,0.001296035
1978.69,0.001697239
1979.172,0.002021455
1979.655,0.002241313
1980.137,0.002353825
1980.619,0.002365125
1981.101,0.002295668
1981.583,0.00216615
1982.065,0.001995117
1982.547,0.001795267
1983.03,0.001581544
1983.512,0.001369217
1983.994,0.00118192
1984.476,0.001039338
1984.958,0.0009605749
1985.44,0.00095251
1985.922,0.001008341
1986.405,0.00110137
1986.886,0.001202827
1987.369,0.001283242
1987.851,0.001332697
1988.333,0.001355719
1988.815,0.001373868
1989.297,0.001414143
1989.779,0.001494924
1990.261,0.001610964
1990.744,0.001738378
1991.226,0.001837441
1991.708,0.001870225
1992.19,0.001812995
1992.672,0.001668548
1993.154,0.001468219
1993.636,0.00126129
1994.119,0.001094533
1994.601,0.001004345
1995.083,0.0009982338
1995.565,0.001062225
1996.047,0.001158504
1996.529,0.001248281
1997.011,0.001299077
1997.494,0.001296209
1997.976,0.001244279
1998.458,0.001163218
1998.94,0.001079341
1999.422,0.001016389
1999.904,0.0009869136
2000.386,0.0009879478
2000.869,0.00100697
2001.351,0.001025536
2001.833,0.001023658
2002.315,0.0009926863
2002.797,0.0009337324
2003.279,0.0008613323
2003.761,0.000794087
2004.243,0.0007513399
2004.726,0.0007456038
2005.208,0.0007772369
2005.69,0.0008293081
2006.172,0.0008816728
2006.654,0.0009108371
2007.136,0.0009033335
2007.618,0.0008575383
2008.101,0.0007827537
2008.583,0.0006970827
2009.065,0.0006196392
2009.547,0.0005582891
2010.029,0.0005159724
2010.511,0.000487768
2010.993,0.0004714176
2011.476,0.0004611947
2011.958,0.0004625726
2012.44,0.0004802965
2012.922,0.0005191175
2013.404,0.0005745809
2013.886,0.0006360174
2014.368,0.0006821242
2014.851,0.0006948482
2015.333,0.000656789
2015.815,0.000563439
2016.297,0.0004215266
2016.779,0.0002516955
2017.261,7.593355e-05
2017.743,-7.868595e-05
2018.226,-0.0001942415
2018.708,-0.000253803
2019.19,-0.0002547331
2019.672,-0.0001994655
2020.154,-9.88587e-05
2020.636,3.093229e-05
2021.118,0.0001644214
2021.6,0.0002784288
2022.083,0.0003507468
2022.565,0.0003700719
2023.047,0.0003350884
2023.529,0.0002587081
2024.011,0.0001647909
2024.493,8.653698e-05
2024.975,4.696818e-05
2025.458,6.664433e-05
2025.94,0.0001461488
2026.422,0.0002778838
2026.904,0.0004344949
2027.386,0.0005835452
2027.868,0.0006928148
2028.35,0.0007364309
2028.833,0.000695499
2029.315,0.0005729313
2029.797,0.0003841118
2030.279,0.0001632154
2030.761,-5.100231e-05
2031.243,-0.0002222748
2031.725,-0.000322535
2032.208,-0.0003374197
2032.69,-0.0002762988
2033.172,-0.0001528429
2033.654,8.288168e-06
2034.136,0.0001946702
2034.618,0.0003954107
2035.1,0.0006098548
2035.583,0.0008393049
2036.064,0.001081959
2036.547,0.00132243
2037.029,0.001539888
2037.511,0.00171191
2037.993,0.001823078
2038.475,0.001868248
2038.957,0.001859077
2039.439,0.001815908
2039.922,0.001766015
2040.404,0.001724095
2040.886,0.001698891
2041.368,0.001685197
2041.85,0.001675496
2042.332,0.001656975
2042.814,0.001626309
2043.297,0.001588575
2043.779,0.001555709
2044.261,0.001537348
2044.743,0.001546194
2045.225,0.001585186
2045.707,0.001659578
2046.189,0.001768656
2046.672,0.001914973
2047.154,0.002099184
2047.636,0.002321544
2048.118,0.002570471
2048.6,0.002828232
2049.082,0.003067521
2049.564,0.003265612
2050.047,0.003404174
2050.529,0.003481774
2051.011,0.003510633
2051.493,0.003517191
2051.975,0.003525663
2052.457,0.003557762
2052.939,0.003619109
2053.421,0.003702009
2053.904,0.003783177
2054.386,0.003834721
2054.868,0.003833092
2055.35,0.003769428
2055.832,0.0036463
2056.314,0.00348469
2056.796,0.003311814
2057.279,0.003157771
2057.761,0.003042952
2058.243,0.00297989
2058.725,0.002970733
2059.207,0.003008054
2059.689,0.003077716
2060.171,0.003167212
2060.654,0.003263681
2061.136,0.003359862
2061.618,0.003450544
2062.1,0.003534485
2062.582,0.003612503
2063.064,0.0036872
2063.546,0.003757064
2064.029,0.003822706
2064.511,0.003880964
2064.993,0.003928394
2065.475,0.003959418
2065.957,0.003968937
2066.439,0.003955353
2066.921,0.00391803
2067.404,0.003859915
2067.885,0.003788289
2068.368,0.003712713
2068.85,0.003643509
2069.332,0.003590524
2069.814,0.003560858
2070.296,0.003557762
2070.778,0.003582632
2071.26,0.003628805
2071.743,0.003690648
2072.225,0.003757695
2072.707,0.003823468
2073.189,0.003878375
2073.671,0.003918956
2074.153,0.003942162
2074.635,0.00394805
2075.118,0.003936191
2075.6,0.003909822
2076.082,0.003870937
2076.564,0.003825746
2077.046,0.003780674
2077.528,0.003744226
2078.01,0.00372539
2078.493,0.003733722
2078.975,0.003772564
2079.457,0.003842632
2079.939,0.003936477
2080.421,0.004044639
2080.903,0.004151963
2081.385,0.004246322
2081.868,0.004317793
2082.35,0.004363579
2082.832,0.004384214
2083.314,0.004385853
2083.796,0.00437431
2084.278,0.004356031
2084.76,0.00433337
2085.242,0.004306951
2085.725,0.004276144
2086.207,0.004243379
2086.689,0.004209698
2087.171,0.004181143
2087.653,0.004163554
2088.135,0.004162083
2088.617,0.004176531
2089.1,0.004202391
2089.582,0.004228959
2090.064,0.004243154
2090.546,0.004230771
2091.028,0.004183093
2091.51,0.004098428
2091.992,0.003985954
2092.475,0.003862161
2092.957,0.003748634
2093.439,0.003667522
2093.921,0.003636184
2094.403,0.003660014
2094.885,0.003733409
2095.367,0.00383982
2095.85,0.003958289
2096.332,0.004067338
2096.814,0.004153069
2097.296,0.004213224
2097.778,0.004256022
2098.26,0.00429458
2098.742,0.004344266
2099.225,0.00441201
2099.707,0.004496848
2100.189,0.004586068
2100.671,0.004660577
2101.153,0.004702863
2101.635,0.004702752
2102.117,0.004659796
2102.599,0.004588252
2103.082,0.004508698
2103.564,0.004447254
2104.046,0.004421372
2104.528,0.004440323
2105.01,0.004501408
2105.492,0.00459134
2105.974,0.004689737
2106.457,0.004777877
2106.939,0.004839534
2107.421,0.004868581
2107.903,0.004864359
2108.385,0.004834851
2108.867,0.004791141
2109.349,0.004748045
2109.832,0.00471751
2110.314,0.004710083
2110.796,0.00472986
2111.278,0.004776436
2111.76,0.00484055
2112.242,0.004908849
2112.724,0.004964022
2113.207,0.004992048
2113.689,0.004980724
2114.171,0.004927628
2114.653,0.004838728
2115.135,0.004727396
2115.617,0.00460898
2116.099,0.004499051
2116.582,0.004407617
2117.063,0.004340184
2117.546,0.004293025
2118.028,0.004262063
2118.51,0.004241102
2118.992,0.004228877
2119.474,0.004225677
2119.956,0.004236729
2120.438,0.004266561
2120.921,0.004318295
2121.403,0.004387429
2121.885,0.004465288
2122.367,0.004536475
2122.849,0.004586068
2123.331,0.004600614
2123.813,0.004573723
2124.296,0.004506786
2124.778,0.004411103
2125.26,0.00430067
2125.742,0.004192464
2126.224,0.004097738
2126.706,0.004023785
2127.188,0.003966509
2127.671,0.003918061
2128.153,0.003867186
2128.635,0.003804887
2129.117,0.003725848
2129.599,0.003632115
2130.081,0.003530557
2130.563,0.003430663
2131.046,0.003341861
2131.528,0.003268549
2132.01,0.003214136
2132.492,0.003179553
2132.974,0.003164104
2133.456,0.003169216
2133.938,0.003194836
2134.42,0.003242539
2134.903,0.00330574
2135.385,0.003375508
2135.867,0.003438351
2136.349,0.003479981
2136.831,0.003490077
2137.313,0.00346833
2137.795,0.003423824
2138.278,0.003374037
2138.76,0.003335894
2139.242,0.003319857
2139.724,0.003325089
2140.206,0.003343132
2140.688,0.003351359
2141.17,0.003334883
2141.653,0.003283363
2142.135,0.003206395
2142.617,0.003122702
2143.099,0.003060638
2143.581,0.003044794
2144.063,0.003089171
2144.545,0.003184121
2145.028,0.003303729
2145.51,0.00340671
2145.992,0.003453223
2146.474,0.003411525
2146.956,0.003272861
2147.438,0.003051058
2147.92,0.002783023
2148.403,0.002511447
2148.885,0.002282367
2149.367,0.002125831
2149.849,0.002056485
2150.331,0.002062873
2150.813,0.002119476
2151.295,0.002192326
2151.777,0.002247417
2152.26,0.002252782
2152.742,0.002192012
2153.224,0.00205621
2153.706,0.001849935
2154.188,0.00158248
2154.67,0.001269442
2155.152,0.0009367822
2155.635,0.0006235325
2156.117,0.0003748538
2156.599,0.0002507756
2157.081,0.0003076695
2157.563,0.0005886806
2158.045,0.001095378
2158.527,0.00178256
2159.01,0.002559927
2159.492,0.00331301
2159.974,0.003931765
2160.456,0.004343269
2160.938,0.004527613
2161.42,0.004513295
2161.902,0.004362081
2162.385,0.004150443
2162.867,0.003951209
2163.349,0.003820442
2163.831,0.003777813
2164.313,0.003820633
2164.795,0.003914899
2165.277,0.004023843
2165.76,0.004101639
2166.241,0.004119854
2166.724,0.004073902
2167.206,0.003978244
2167.688,0.003862722
2168.17,0.003765625
2168.652,0.003714448
2169.134,0.003725088
2169.616,0.003784522
2170.099,0.003864418
2170.581,0.003928901
2171.063,0.003953178
2171.545,0.003926239
2172.027,0.003867419
2172.509,0.003814502
2172.991,0.003813542
2173.474,0.003894653
2173.956,0.004062903
2174.438,0.004291182
2174.92,0.004529031
2175.402,0.004713725
2175.884,0.004800345
2176.366,0.00477075
2176.849,0.004644156
2177.331,0.0044612
2177.813,0.004273051
2178.295,0.004123422
2178.777,0.004039215
2179.259,0.004019151
2179.741,0.004052536
2180.223,0.004118293
2180.706,0.004202373
2181.188,0.0042902
2181.67,0.004374225
2182.152,0.004443692
2182.634,0.004483693
2183.116,0.004472982
2183.598,0.004397716
2184.081,0.004254454
2184.563,0.00406179
2185.045,0.003855413
2185.527,0.003680322
2186.009,0.003580068
2186.491,0.003578239
2186.973,0.003672573
2187.456,0.003833759
2187.938,0.004016592
2188.42,0.004175944
2188.902,0.004276232
2189.384,0.004307269
2189.866,0.00428227
2190.348,0.004230287
2190.831,0.004183169
2191.313,0.004168629
2191.795,0.004195222
2192.277,0.004256119
2192.759,0.004329235
2193.241,0.004385525
2193.723,0.004402335
2194.206,0.004366784
2194.688,0.004276286
2195.17,0.004144261
2195.652,0.003988673
2196.134,0.00383275
2196.616,0.003694684
2197.098,0.00358851
2197.58,0.003523812
2198.063,0.003502875
2198.545,0.003522141
2199.027,0.00357674
2199.509,0.003656751
2199.991,0.003749318
2200.473,0.003839811
2200.955,0.003913069
2201.438,0.003958385
2201.92,0.003976029
2202.402,0.00397309
2202.884,0.003970661
2203.366,0.003990444
2203.848,0.004053867
2204.33,0.00416295
2204.813,0.004305406
2205.295,0.004447799
2205.777,0.00454849
2206.259,0.004567259
2206.741,0.004484949
2207.223,0.004307836
2207.705,0.004073818
2208.188,0.003837551
2208.67,0.003659052
2209.152,0.003582261
2209.634,0.003625593
2210.116,0.003766573
2210.598,0.003959779
2211.08,0.004143395
2211.563,0.004262794
2212.044,0.004280067
2212.527,0.004189104
2213.009,0.004011294
2213.491,0.003788597
2213.973,0.003565487
2214.455,0.003381943
2214.937,0.003261168
2215.419,0.0032073
2215.902,0.003208662
2216.384,0.003243697
2216.866,0.003290983
2217.348,0.00333667
2217.83,0.003372128
2218.312,0.003398381
2218.794,0.003420442
2219.277,0.003443989
2219.759,0.003468874
2220.241,0.003491407
2220.723,0.00350605
2221.205,0.003507992
2221.687,0.003494791
2222.169,0.003471902
2222.652,0.003449448
2223.134,0.003440955
2223.616,0.003455011
2224.098,0.003494514
2224.58,0.003555121
2225.062,0.003626561
2225.544,0.003693077
2226.027,0.003743708
2226.509,0.0037697
2226.991,0.00377259
2227.473,0.003753623
2227.955,0.00371842
2228.437,0.00367164
2228.919,0.003616836
2229.401,0.003555338
2229.884,0.003493298
2230.366,0.003437835
2230.848,0.003403121
2231.33,0.003400444
2231.812,0.003437467
2232.294,0.003512886
2232.776,0.003617674
2233.259,0.003732025
2233.741,0.003835888
2234.223,0.003912156
2234.705,0.003952553
2235.187,0.003957198
2235.669,0.003933952
2236.151,0.00389448
2236.634,0.003849412
2237.116,0.003802615
2237.598,0.003757289
2238.08,0.003711646
2238.562,0.003667177
2239.044,0.003623808
2239.526,0.003582582
2240.009,0.003544766
2240.491,0.003509914
2240.973,0.003471696
2241.455,0.003427798
2241.937,0.003375311
2242.419,0.003318853
2242.901,0.003266772
2243.384,0.003232048
2243.865,0.00322588
2244.348,0.003253433
2244.83,0.003311449
2245.312,0.00338853
2245.794,0.003469383
2246.276,0.003539968
2246.758,0.003590863
2247.24,0.003618165
2247.723,0.003625071
2248.205,0.003616502
2248.687,0.00359432
2249.169,0.00355814
2249.651,0.003504291
2250.133,0.003430745
2250.615,0.003337418
2251.098,0.003230515
2251.58,0.003124775
2252.062,0.003034495
2252.544,0.002974878
2253.026,0.002954399
2253.508,0.002975103
2253.99,0.003032373
2254.473,0.003115375
2254.955,0.003211912
2255.437,0.003311574
2255.919,0.003408062
2256.401,0.003494772
2256.883,0.003570419
2257.365,0.00363334
2257.848,0.003683527
2258.33,0.00371924
2258.812,0.003740694
2259.294,0.003747504
2259.776,0.003741088
2260.258,0.00372204
2260.74,0.003693359
2261.222,0.003657297
2261.705,0.00361979
2262.187,0.00358573
2262.669,0.003561965
2263.151,0.00355309
2263.633,0.003563257
2264.115,0.003589917
2264.597,0.003629165
2265.08,0.003671444
2265.562,0.003709524
2266.044,0.003735336
2266.526,0.00374691
2267.008,0.003745446
2267.49,0.003738473
2267.972,0.003730745
2268.455,0.00372852
2268.937,0.003733388
2269.419,0.003744824
2269.901,0.00375853
2270.383,0.003771939
2270.865,0.00378407
2271.347,0.003798245
2271.83,0.003817263
2272.312,0.003845812
2272.794,0.003884202
2273.276,0.003929718
2273.758,0.003972684
2274.24,0.004000763
2274.722,0.004003428
2275.205,0.003972411
2275.687,0.00390565
2276.169,0.003809866
2276.651,0.003697393
2277.133,0.003586022
2277.615,0.00349158
2278.097,0.003426797
2278.579,0.003397674
2279.062,0.003403849
2279.544,0.003436022
2280.026,0.003483145
2280.508,0.003531503
2280.99,0.003571009
2281.472,0.003595207
2281.954,0.003603555
2282.437,0.003601053
2282.919,0.003597031
2283.401,0.003599385
2283.883,0.00361693
2284.365,0.003652944
2284.847,0.003706753
2285.329,0.003771762
2285.812,0.00383992
2286.294,0.003900734
2286.776,0.003946893
2287.258,0.003971465
2287.74,0.003973291
2288.222,0.003954642
2288.704,0.003921367
2289.187,0.003879855
2289.669,0.003836879
2290.151,0.003798153
2290.633,0.003766725
2291.115,0.003742143
2291.597,0.00372342
2292.079,0.003706137
2292.562,0.003687931
2293.043,0.003665906
2293.526,0.003639371
2294.008,0.003609011
2294.49,0.003578715
2294.972,0.00355062
2295.454,0.003528849
2295.936,0.003514322
2296.418,0.003507806
2296.901,0.003507244
2297.383,0.003509814
2297.865,0.003513148
2298.347,0.003515872
2298.829,0.003517451
2299.311,0.003519564
2299.793,0.003523896
2300.276,0.003533048
2300.758,0.003548019
2301.24,0.003568046
2301.722,0.003590607
2302.204,0.003613943
2302.686,0.003633001
2303.168,0.0036464
2303.651,0.003651376
2304.133,0.003648463
2304.615,0.003638267
2305.097,0.003622777
2305.579,0.003604214
2306.061,0.003586333
2306.543,0.003570824
2307.026,0.00356014
2307.508,0.003556434
2307.99,0.003559939
2308.472,0.00356951
2308.954,0.003583692
2309.436,0.003599723
2309.918,0.003614915
2310.4,0.00362804
2310.883,0.003638248
2311.365,0.00364654
2311.847,0.003654297
2312.329,0.003662826
2312.811,0.003671434
2313.293,0.003679739
2313.775,0.003685891
2314.258,0.003687738
2314.74,0.003684503
2315.222,0.003677802
2315.704,0.003670328
2316.186,0.00366701
2316.668,0.003671394
2317.15,0.003686568
2317.633,0.003714619
2318.115,0.003755019
2318.597,0.003807389
2319.079,0.003870504
2319.561,0.003944761
2320.043,0.004029396
2320.525,0.004122641
2321.008,0.004220336
2321.49,0.004314295
2321.972,0.004394006
2322.454,0.004447243
2322.936,0.004463551
2323.418,0.004438342
2323.9,0.004372057
2324.383,0.004272026
2324.865,0.004150693
2325.347,0.004022362
2325.829,0.003899408
2326.311,0.0037905
2326.793,0.00369951
2327.275,0.003625362
2327.757,0.003563959
2328.24,0.003510661
2328.722,0.003463306
2329.204,0.003422516
2329.686,0.003391237
2330.168,0.003374276
2330.65,0.003374665
2331.132,0.00339187
2331.615,0.003422415
2332.097,0.003458789
2332.579,0.003492775
2333.061,0.003517932
2333.543,0.003529288
2334.025,0.003527534
2334.507,0.003515299
2334.99,0.003497937
2335.472,0.003480256
2335.954,0.003465596
2336.436,0.003456369
2336.918,0.003452731
2337.4,0.003453832
2337.882,0.003459519
2338.365,0.00346894
2338.847,0.003481786
2339.329,0.003496348
2339.811,0.003509982
2340.293,0.003519421
2340.775,0.003521158
2341.257,0.003510985
2341.74,0.003488584
2342.221,0.003454727
2342.704,0.00341338
2343.186,0.003369369
2343.668,0.003326898
2344.15,0.003289868
2344.632,0.003259369
2345.114,0.003233927
2345.596,0.003210656
2346.079,0.003185816
2346.561,0.003157302
2347.043,0.003123471
2347.525,0.003085493
2348.007,0.003046564
2348.489,0.003011834
2348.971,0.00298599
2349.454,0.002974345
2349.936,0.002979485
2350.418,0.003002123
2350.9,0.003039067
2351.382,0.003084701
2351.864,0.003131998
2352.346,0.003174468
2352.829,0.003206478
2353.311,0.003226143
2353.793,0.003234315
2354.275,0.003234977
2354.757,0.003232587
2355.239,0.003231605
2355.721,0.003234459
2356.204,0.003240995
2356.686,0.00324957
2357.168,0.003257129
2357.65,0.003260617
2358.132,0.003259716
2358.614,0.003253875
2359.096,0.003244347
2359.578,0.003232774
2360.061,0.003220256
2360.543,0.003206792
2361.025,0.003192066
2361.507,0.003175371
2361.989,0.003157257
2362.471,0.003138978
2362.953,0.003123048
2363.436,0.003111825
2363.918,0.003107117
2364.4,0.003109244
2364.882,0.00311648
2365.364,0.00312482
2365.846,0.00313041
2366.328,0.003127981
2366.811,0.003113752
2367.293,0.003086613
2367.775,0.003047583
2368.257,0.002998701
2368.739,0.002945157
2369.221,0.002891357
2369.703,0.002841948
2370.186,0.002799372
2370.668,0.002764497
2371.15,0.002736307
2371.632,0.002712832
2372.114,0.002690846
2372.596,0.002669402
2373.078,0.002647241
2373.561,0.002625702
2374.042,0.002606283
2374.525,0.002590722
2375.007,0.00258036
2375.489,0.002574414
2375.971,0.002571701
2376.453,0.002568434
2376.935,0.002562402
2377.417,0.002551629
2377.9,0.002536744
2378.382,0.002518773
2378.864,0.002502059
2379.346,0.002490317
2379.828,0.002485604
2380.31,0.002488638
2380.792,0.002497444
2381.275,0.002508945
2381.757,0.002518155
2382.239,0.002522146
2382.721,0.002519886
2383.203,0.00251248
2383.685,0.002502697
2384.167,0.00249465
2384.65,0.002491511
2385.132,0.002494867
2385.614,0.002504246
2386.096,0.002517036
2386.578,0.002529752
2387.06,0.002540016
2387.542,0.00254497
2388.025,0.002543421
2388.507,0.00253497
2388.989,0.002519532
2389.471,0.002495755
2389.953,0.002464666
2390.435,0.002425706
2390.917,0.002381649
2391.399,0.002336544
2391.882,0.00229595
2392.364,0.002265668
2392.846,0.002249995
2393.328,0.002249892
2393.81,0.0022637
2394.292,0.002286497
2394.774,0.002312325
2395.257,0.002335699
2395.739,0.002354229
2396.221,0.002367913
2396.703,0.002379533
2397.185,0.002391635
2397.667,0.002407085
2398.149,0.00242541
2398.632,0.002445574
2399.114,0.002463037
2399.596,0.002475009
2400.078,0.002477021
2400.56,0.00246803
2401.042,0.002448271
2401.524,0.002419093
2402.007,0.00238424
2402.489,0.002348177
2402.971,0.002315133
2403.453,0.002289578
2403.935,0.002274711
2404.417,0.002271096
2404.899,0.002276103
2405.382,0.002284946
2405.864,0.002290677
2406.346,0.002287859
2406.828,0.002274171
2407.31,0.002251685
2407.792,0.002226712
2408.274,0.002208446
2408.756,0.002205289
2409.239,0.00222141
2409.721,0.002255941
2410.203,0.002302011
2410.685,0.002349143
2411.167,0.002387807
2411.649,0.00241007
2412.131,0.002415037
2412.614,0.002406065
2413.096,0.002390438
2413.578,0.00237729
2414.06,0.002373195
2414.542,0.002381207
2415.024,0.002401091
2415.506,0.002427802
2415.989,0.002455567
2416.471,0.002476924
2416.953,0.002487051
2417.435,0.00248273
2417.917,0.002466281
2418.399,0.002440589
2418.881,0.002413441
2419.364,0.002392871
2419.846,0.002385794
2420.328,0.002396317
2420.81,0.002424289
2421.292,0.002465461
2421.774,0.002512764
2422.256,0.002556468
2422.739,0.002590212
2423.22,0.002608515
2423.703,0.002611288
2424.185,0.002600535
2424.667,0.002580273
2425.149,0.002555654
2425.631,0.002531752
2426.113,0.002512432
2426.595,0.00250197
2427.078,0.002503596
2427.56,0.002520058
2428.042,0.002551203
2428.524,0.002594381
2429.006,0.002644112
2429.488,0.002693058
2429.97,0.002732259
2430.453,0.002756942
2430.935,0.002765242
2431.417,0.002760702
2431.899,0.002750342
2432.381,0.002742565
2432.863,0.002744321
2433.345,0.002759415
2433.828,0.002786887
2434.31,0.002823508
2434.792,0.002864108
2435.274,0.002903918
2435.756,0.002938483
2436.238,0.002966263
2436.72,0.002985634
2437.203,0.002996429
2437.685,0.002998074
2438.167,0.002991295
2438.649,0.002977382
2439.131,0.002959006
2439.613,0.002938516
2440.095,0.002918017
2440.577,0.002898484
2441.06,0.002879267
2441.542,0.002858421
2442.024,0.002834403
2442.506,0.002807129
2442.988,0.002780171
2443.47,0.002757341
2443.952,0.002744489
2444.435,0.002745436
2444.917,0.002760598
2445.399,0.002787057
2445.881,0.002818646
2446.363,0.002848299
2446.845,0.002870483
2447.327,0.002882269
2447.81,0.002884708
2448.292,0.002881291
2448.774,0.002879092
2449.256,0.002884134
2449.738,0.002901794
2450.22,0.002934684
2450.702,0.002983549
2451.185,0.003044488
2451.667,0.003110669
2452.149,0.003172888
2452.631,0.003222172
2453.113,0.003248732
2453.595,0.003248066
2454.077,0.003220158
2454.56,0.003171113
2455.042,0.003110546
2455.524,0.003050694
2456.006,0.00300143
2456.488,0.002969942
2456.97,0.002956483
2457.452,0.002957553
2457.935,0.002966137
2458.417,0.002976358
2458.899,0.002982823
2459.381,0.002985207
2459.863,0.00298522
2460.345,0.002986213
2460.827,0.002991378
2461.309,0.00300186
2461.792,0.00301578
2462.274,0.003030689
2462.756,0.003042084
2463.238,0.003045791
2463.72,0.003039919
2464.202,0.003025448
2464.684,0.003004992
2465.167,0.00298371
2465.649,0.002968073
2466.131,0.002964311
2466.613,0.002976446
2467.095,0.003004899
2467.577,0.003047138
2468.059,0.003097432
2468.542,0.00314619
2469.024,0.003184548
2469.506,0.00320544
2469.988,0.00320541
2470.47,0.003184689
2470.952,0.00314762
2471.434,0.003101339
2471.917,0.003053646
2472.399,0.003011687
2472.881,0.002982284
2473.363,0.002968238
2473.845,0.00297235
2474.327,0.002993894
2474.809,0.003029343
2475.292,0.003072785
2475.773,0.003116657
2476.256,0.003152483
2476.738,0.003173756
2477.22,0.003176679
2477.702,0.003164123
2478.184,0.003142091
2478.666,0.003121699
2479.148,0.003112585
2479.631,0.003123243
2480.113,0.003155086
2480.595,0.003203676
2481.077,0.003259709
2481.559,0.003311807
2482.041,0.003348418
2482.523,0.003363343
2483.006,0.003356238
2483.488,0.003331549
2483.97,0.003297605
2484.452,0.0032634
2484.934,0.003236945
2485.416,0.003222706
2485.898,0.003221431
2486.381,0.003231145
2486.863,0.003248632
2487.345,0.003270672
2487.827,0.003293464
2488.309,0.003315605
2488.791,0.003335686
2489.273,0.003352135
2489.756,0.00336288
2490.238,0.0033656
2490.72,0.003358139
2491.202,0.003340407
2491.684,0.003314305
2492.166,0.003284631
2492.648,0.003258592
2493.13,0.003243894
2493.613,0.00324651
2494.095,0.003268109
2494.577,0.003306214
2495.059,0.003354453
2495.541,0.00340379
2496.023,0.003446428
2496.505,0.003477216
2496.988,0.003496066
2497.47,0.003505956
2497.952,0.003512113
2498.434,0.003520183
2498.916,0.003533239
2499.398,0.003550621
2499.88,0.003569589
2500.363,0.003585987
2500.845,0.00359707
2501.327,0.003601422
2501.809,0.003598707
2502.291,0.003590749
2502.773,0.003579543
2503.255,0.00356542
2503.738,0.003547713
2504.22,0.003525504
2504.702,0.003498957
2505.184,0.003467903
2505.666,0.003436172
2506.148,0.003407262
2506.63,0.003385672
2507.113,0.003374241
2507.594,0.003374723
2508.077,0.003385208
2508.559,0.003404119
2509.041,0.003427123
2509.523,0.003450386
2510.005,0.003470406
2510.487,0.003485342
2510.969,0.003493607
2511.452,0.003496198
2511.934,0.003493863
2512.416,0.00348994
2512.898,0.003486517
2513.38,0.003485265
2513.862,0.003487437
2514.344,0.00349195
2514.827,0.003495713
2515.309,0.003497052
2515.791,0.003492287
2516.273,0.003481163
2516.755,0.003464178
2517.237,0.003444008
2517.719,0.003424249
2518.202,0.003408834
2518.684,0.003399609
2519.166,0.003397664
2519.648,0.003402167
2520.13,0.003413036
2520.612,0.003429607
2521.094,0.003451716
2521.577,0.003481208
2522.059,0.003519766
2522.541,0.003567061
2523.023,0.00362268
2523.505,0.003682684
2523.987,0.003742463
2524.469,0.003795889
2524.951,0.003836743
2525.434,0.00386124
2525.916,0.003867604
2526.398,0.003857338
2526.88,0.003834045
2527.362,0.003803347
2527.844,0.003771715
2528.326,0.003743601
2528.809,0.003721867
2529.291,0.00370702
2529.773,0.003697466
2530.255,0.003690096
2530.737,0.003682469
2531.219,0.003673746
2531.701,0.003664261
2532.184,0.003656541
2532.666,0.003652607
2533.148,0.003655239
2533.63,0.003664695
2534.112,0.003678871
2534.594,0.003695244
2535.076,0.003708842
2535.559,0.003716797
2536.041,0.003715902
2536.523,0.003705561
2537.005,0.003688215
2537.487,0.003666646
2537.969,0.003645912
2538.451,0.003631753
2538.934,0.003627209
2539.416,0.003636341
2539.898,0.003658477
2540.38,0.00369194
2540.862,0.003731498
2541.344,0.00377234
2541.826,0.003808465
2542.308,0.003836575
2542.791,0.003854296
2543.273,0.003863399
2543.755,0.003865654
2544.237,0.003863679
2544.719,0.003859166
2545.201,0.003853127
2545.683,0.003843869
2546.166,0.00383029
2546.648,0.003810778
2547.13,0.003785585
2547.612,0.003754878
2548.094,0.003720093
2548.576,0.003682331
2549.058,0.003642437
2549.541,0.003600749
2550.023,0.003558792
2550.505,0.003518772
2550.987,0.003485944
2551.469,0.003464808
2551.951,0.003459864
2552.433,0.00347477
2552.916,0.003508351
2553.398,0.003555525
2553.88,0.003608831
2554.362,0.00365944
2554.844,0.003700135
2555.326,0.003725809
2555.808,0.003735434
2556.291,0.003731125
2556.772,0.003717294
2557.255,0.003698951
2557.737,0.003680516
2558.219,0.003665902
2558.701,0.003656981
2559.183,0.003653672
2559.665,0.003654785
2560.147,0.003657857
2560.63,0.003660248
2561.112,0.003659405
2561.594,0.003654048
2562.076,0.003646134
2562.558,0.003639323
2563.04,0.003638985
2563.522,0.003649044
2564.005,0.003671977
2564.487,0.003707621
2564.969,0.003751466
2565.451,0.003798059
2565.933,0.003841087
2566.415,0.003876965
2566.897,0.003904322
2567.38,0.003925117
2567.862,0.003942333
2568.344,0.003958873
2568.826,0.003975077
2569.308,0.00398992
2569.79,0.004000581
2570.272,0.004005092
2570.755,0.004001826
2571.237,0.003992316
2571.719,0.003977757
2572.201,0.003961995
2572.683,0.003946398
2573.165,0.00393208
2573.647,0.003918526
2574.129,0.003906079
2574.612,0.003894997
2575.094,0.003887078
2575.576,0.003884638
2576.058,0.003889904
2576.54,0.003902541
2577.022,0.003921351
2577.504,0.003942053
2577.987,0.003959935
2578.469,0.00397105
2578.951,0.003973936
2579.433,0.00396979
2579.915,0.003962983
2580.397,0.003957803
2580.879,0.003958543
2581.362,0.003967865
2581.844,0.003986721
2582.326,0.004012883
2582.808,0.004043263
2583.29,0.004075459
2583.772,0.004105691
2584.254,0.004131381
2584.737,0.004151751
2585.219,0.004165593
2585.701,0.004174195
2586.183,0.004178328
2586.665,0.00418014
2587.147,0.004180919
2587.629,0.004180923
2588.112,0.004178432
2588.594,0.004172064
2589.076,0.004159064
2589.558,0.004138309
2590.04,0.004109794
2590.522,0.004075153
2591.004,0.004039551
2591.486,0.004006264
2591.969,0.003979516
2592.451,0.003960689
2592.933,0.003948147
2593.415,0.00394069
2593.897,0.00393504
2594.379,0.003930337
2594.861,0.003928134
2595.344,0.003931539
2595.826,0.003945388
2596.308,0.003973832
2596.79,0.004017226
2597.272,0.004074198
2597.754,0.004138017
2598.236,0.004200999
2598.719,0.004254673
2599.201,0.004293068
2599.683,0.004312628
2600.165,0.004315071
2600.647,0.004303588
2601.129,0.004284834
2601.611,0.004264428
2602.094,0.004248169
2602.576,0.004238224
2603.058,0.004236499
2603.54,0.004241525
2604.022,0.004251318
2604.504,0.004262933
2604.986,0.004274813
2605.469,0.004284356
2605.95,0.004290956
2606.433,0.004294957
2606.915,0.004296879
2607.397,0.004298021
2607.879,0.004299683
2608.361,0.00430282
2608.843,0.004308474
2609.325,0.004316821
2609.808,0.004327253
2610.29,0.00433934
2610.772,0.004351778
2611.254,0.004363525
2611.736,0.004373887
2612.218,0.004382167
2612.7,0.004388885
2613.183,0.004393172
2613.665,0.004395025
2614.147,0.004394793
2614.629,0.00439195
2615.111,0.004386845
2615.593,0.004380433
2616.075,0.004373844
2616.558,0.004368471
2617.04,0.004365271
2617.522,0.004364944
2618.004,0.00436688
2618.486,0.004370036
2618.968,0.004372844
2619.45,0.004373911
2619.933,0.004372538
2620.415,0.004369855
2620.897,0.004366039
2621.379,0.004363616
2621.861,0.004363721
2622.343,0.004366704
2622.825,0.00437152
2623.307,0.004376949
2623.79,0.004380807
2624.272,0.00438231
2624.754,0.004380583
2625.236,0.004376236
2625.718,0.004370927
2626.2,0.004367012
2626.682,0.004366328
2627.165,0.004370276
2627.647,0.004378857
2628.129,0.004392772
2628.611,0.004410541
2629.093,0.004430764
2629.575,0.004451431
2630.057,0.004470269
2630.54,0.004485002
2631.022,0.004493876
2631.504,0.004495662
2631.986,0.004491057
2632.468,0.004482072
2632.95,0.004471858
2633.432,0.004464093
2633.915,0.004462544
2634.397,0.004468707
2634.879,0.004482057
2635.361,0.004499709
2635.843,0.004516841
2636.325,0.004527752
2636.807,0.004528405
2637.29,0.004516162
2637.771,0.004492155
2638.254,0.004460857
2638.736,0.004428232
2639.218,0.004400861
2639.7,0.004383929
2640.182,0.004378934
2640.664,0.004384214
2641.146,0.004393623
2641.629,0.004401015
2642.111,0.004397951
2642.593,0.004380472
2643.075,0.004346898
2643.557,0.004300741
2644.039,0.0042485
2644.521,0.004198618
2645.004,0.004158658
2645.486,0.004132849
2645.968,0.004122516
2646.45,0.004124411
2646.932,0.004133436
2647.414,0.004143257
2647.896,0.004149295
2648.379,0.004148641
2648.861,0.004142173
2649.343,0.004132796
2649.825,0.004122974
2650.307,0.004116497
2650.789,0.004114954
2651.271,0.004118436
2651.754,0.00412527
2652.236,0.004133163
2652.718,0.004140442
2653.2,0.004145429
2653.682,0.004147595
2654.164,0.004146142
2654.646,0.004141246
2655.128,0.004132639
2655.611,0.004119171
2656.093,0.004101283
2656.575,0.004078619
2657.057,0.004052237
2657.539,0.004023723
2658.021,0.00399573
2658.503,0.003969849
2658.986,0.003947407
2659.468,0.003929024
2659.95,0.003913995
2660.432,0.003901349
2660.914,0.003889494
2661.396,0.003878166
2661.878,0.003866567
2662.361,0.003854876
2662.843,0.00384265
2663.325,0.003829621
2663.807,0.00381526
2664.289,0.003798857
2664.771,0.003780676
2665.253,0.003762311
2665.736,0.003746244
2666.218,0.003735311
2666.7,0.003732796
2667.182,0.003739854
2667.664,0.00375525
2668.146,0.003775974
2668.628,0.003796971
2669.111,0.003812475
2669.593,0.003818311
2670.075,0.003812077
2670.557,0.003795188
2671.039,0.003771189
2671.521,0.003745139
2672.003,0.003722633
2672.485,0.003708025
2672.968,0.003702297
2673.45,0.003706164
2673.932,0.003717143
2674.414,0.003732481
2674.896,0.003749604
2675.378,0.003766021
2675.86,0.003780575
2676.343,0.003793356
2676.825,0.003804717
2677.307,0.00381546
2677.789,0.003826296
2678.271,0.003836511
2678.753,0.003845572
2679.235,0.003852321
2679.718,0.003854618
2680.2,0.003852282
2680.682,0.00384442
2681.164,0.003831831
2681.646,0.003816562
2682.128,0.00380013
2682.61,0.003784583
2683.093,0.003770547
2683.575,0.003757665
2684.057,0.00374469
2684.539,0.003729746
2685.021,0.003711763
2685.503,0.00369047
2685.985,0.003667652
2686.468,0.003645452
2686.949,0.003626816
2687.432,0.003614604
2687.914,0.003610428
2688.396,0.003613399
2688.878,0.003622627
2689.36,0.003634896
2689.842,0.003647886
2690.324,0.003659181
2690.807,0.003666545
2691.289,0.003669169
2691.771,0.003667322
2692.253,0.003661894
2692.735,0.003654047
2693.217,0.003646376
2693.699,0.00364094
2694.182,0.003639264
2694.664,0.003641975
2695.146,0.00364836
2695.628,0.003656718
2696.11,0.003664989
2696.592,0.003670843
2697.074,0.003673292
2697.557,0.003672425
2698.039,0.003669942
2698.521,0.003667997
2699.003,0.003668383
2699.485,0.003672986
2699.967,0.003681809
2700.449,0.003693776
2700.932,0.003706555
2701.414,0.003718621
2701.896,0.003728175
2702.378,0.003735128
2702.86,0.003739388
2703.342,0.003742212
2703.824,0.003744228
2704.306,0.003746154
2704.789,0.003747451
2705.271,0.003747939
2705.753,0.003747708
2706.235,0.003745947
2706.717,0.003744005
2707.199,0.003742782
2707.681,0.003743449
2708.164,0.003747716
2708.646,0.003755766
2709.128,0.003767061
2709.61,0.00377971
2710.092,0.003790202
2710.574,0.00379448
2711.056,0.003789658
2711.539,0.003773567
2712.021,0.003747554
2712.503,0.0037145
2712.985,0.003680534
2713.467,0.003651606
2713.949,0.003632591
2714.431,0.00362647
2714.914,0.003631626
2715.396,0.003644545
2715.878,0.003659093
2716.36,0.003670937
2716.842,0.003677007
2717.324,0.003676937
2717.806,0.003674157
2718.289,0.003673183
2718.771,0.003678172
2719.253,0.003691206
2719.735,0.003712019
2720.217,0.003737632
2720.699,0.003763797
2721.181,0.003786896
2721.663,0.003804304
2722.146,0.003816108
2722.628,0.003824296
2723.11,0.003831038
2723.592,0.003838869
2724.074,0.003848966
2724.556,0.003861059
2725.038,0.003873337
2725.521,0.003883535
2726.003,0.003889298
2726.485,0.003889895
2726.967,0.003885143
2727.449,0.003876582
2727.931,0.003865479
2728.413,0.003855278
2728.896,0.003846526
2729.378,0.003840944
2729.86,0.003839536
2730.342,0.003842483
2730.824,0.003850061
2731.306,0.003861635
2731.788,0.003876938
2732.271,0.003894607
2732.753,0.003913645
2733.235,0.00393169
2733.717,0.003947197
2734.199,0.00395871
2734.681,0.003964772
2735.163,0.003966017
2735.646,0.003963987
2736.127,0.003961775
2736.61,0.003962837
2737.092,0.003969632
2737.574,0.003983801
2738.056,0.004005439
2738.538,0.004032457
2739.02,0.004061215
2739.502,0.004088434
2739.985,0.004110562
2740.467,0.004126228
2740.949,0.00413461
2741.431,0.004137707
2741.913,0.004137432
2742.395,0.004135971
2742.877,0.004134692
2743.36,0.004134324
2743.842,0.004135142
2744.324,0.004136781
2744.806,0.00413906
2745.288,0.00414289
2745.77,0.004148548
2746.252,0.004156946
2746.735,0.00416891
2747.217,0.004184987
2747.699,0.004204908
2748.181,0.004227576
2748.663,0.004251899
2749.145,0.004276322
2749.627,0.004300205
2750.11,0.004322085
2750.592,0.004340861
2751.074,0.004356443
2751.556,0.00436901
2752.038,0.004378288
2752.52,0.004385554
2753.002,0.004391357
2753.484,0.00439698
2753.967,0.004402695
2754.449,0.004409237
2754.931,0.004416422
2755.413,0.004423885
2755.895,0.004431899
2756.377,0.004440191
2756.859,0.004449861
2757.342,0.004462377
2757.824,0.004479117
2758.306,0.004500633
2758.788,0.004527111
2759.27,0.00455727
2759.752,0.004588173
2760.234,0.004616793
2760.717,0.004640005
2761.199,0.004656521
2761.681,0.004666062
2762.163,0.004670643
2762.645,0.004673112
2763.127,0.00467696
2763.609,0.004684212
2764.092,0.004695694
2764.574,0.004710676
2765.056,0.004727961
2765.538,0.004745713
2766.02,0.004763286
2766.502,0.004781234
2766.984,0.004801214
2767.467,0.004824883
2767.948,0.004852703
2768.431,0.00488431
2768.913,0.004918048
2769.395,0.004950047
2769.877,0.004977358
2770.359,0.004997489
2770.841,0.005010159
2771.323,0.00501601
2771.806,0.005017436
2772.288,0.005016649
2772.77,0.005014846
2773.252,0.005013042
2773.734,0.005010867
2774.216,0.00500823
2774.698,0.005005686
2775.181,0.005004432
2775.663,0.005005947
2776.145,0.005013098
2776.627,0.005026533
2777.109,0.005045979
2777.591,0.005068758
2778.073,0.005091361
2778.556,0.005110735
2779.038,0.005123551
2779.52,0.005128786
2780.002,0.005127919
2780.484,0.005124275
2780.966,0.005121647
2781.448,0.005124293
2781.93,0.005134901
2782.413,0.005154957
2782.895,0.005184186
2783.377,0.005219818
2783.859,0.005258705
2784.341,0.005297699
2784.823,0.005333
2785.305,0.005362474
2785.788,0.005385005
2786.27,0.005400868
2786.752,0.005410613
2787.234,0.005415538
2787.716,0.005417496
2788.198,0.005417597
2788.68,0.005416399
2789.163,0.005415014
2789.645,0.005413537
2790.127,0.005412894
2790.609,0.005413458
2791.091,0.005417459
2791.573,0.005425642
2792.055,0.005439495
2792.538,0.005459023
2793.02,0.005483765
2793.502,0.005512699
2793.984,0.005543503
2794.466,0.005575247
2794.948,0.005606167
2795.43,0.005635981
2795.913,0.005664967
2796.395,0.005693034
2796.877,0.005720458
2797.359,0.005746122
2797.841,0.005769375
2798.323,0.00578751
2798.805,0.005799037
2799.287,0.005803484
2799.77,0.005802339
2800.252,0.005797186
2800.734,0.005792123
2801.216,0.005790416
2801.698,0.00579533
2802.18,0.005806869
2802.662,0.005824757
2803.145,0.005846104
2803.627,0.005868298
2804.109,0.005889194
2804.591,0.005907762
2805.073,0.005925682
2805.555,0.005945476
2806.037,0.005969482
2806.52,0.00599957
2807.002,0.00603696
2807.484,0.006080066
2807.966,0.006126835
2808.448,0.006174088
2808.93,0.006219489
2809.412,0.006260976
2809.895,0.006296863
2810.377,0.006325931
2810.859,0.006347612
2811.341,0.006362185
2811.823,0.006369738
2812.305,0.006371861
2812.787,0.006371548
2813.27,0.006371985
2813.751,0.006377107
2814.234,0.006389541
2814.716,0.006410417
2815.198,0.006439365
2815.68,0.006473294
2816.162,0.006509581
2816.644,0.00654588
2817.126,0.006581159
2817.609,0.006614105
2818.091,0.006645843
2818.573,0.00667731
2819.055,0.006708788
2819.537,0.006740371
2820.019,0.006771777
2820.501,0.006803006
2820.984,0.006835469
2821.466,0.00686926
2821.948,0.00690607
2822.43,0.006945904
2822.912,0.006988009
2823.394,0.007029755
2823.876,0.007068597
2824.359,0.007102089
2824.841,0.007129662
2825.323,0.007152724
2825.805,0.007174946
2826.287,0.007199908
2826.769,0.007230625
2827.251,0.00726861
2827.734,0.007311696
2828.216,0.007356591
2828.698,0.007398579
2829.18,0.007433886
2829.662,0.007460621
2830.144,0.007479251
2830.626,0.007492227
2831.108,0.007502375
2831.591,0.007513659
2832.073,0.007527872
2832.555,0.007545962
2833.037,0.007567554
2833.519,0.007590852
2834.001,0.00761501
2834.483,0.007638417
2834.966,0.007661079
2835.448,0.007683368
2835.93,0.007706139
2836.412,0.007731566
2836.894,0.007760878
2837.376,0.007796729
2837.858,0.007839785
2838.341,0.007891848
2838.823,0.007951978
2839.305,0.008019706
2839.787,0.00809248
2840.269,0.008168786
2840.751,0.008245692
2841.233,0.008321015
2841.716,0.008393716
2842.198,0.008463599
2842.68,0.008530473
2843.162,0.008595287
2843.644,0.008658418
2844.126,0.008721574
2844.608,0.008785416
2845.091,0.008851849
2845.573,0.008922674
2846.055,0.008998465
2846.537,0.009080178
2847.019,0.009167244
2847.501,0.009257863
2847.983,0.009349565
2848.465,0.009439401
2848.948,0.009524327
2849.43,0.00960177
2849.912,0.009671629
2850.394,0.009734089
2850.876,0.009790768
2851.358,0.00984299
2851.84,0.00989247
2852.323,0.009938727
2852.805,0.009979952
2853.287,0.01001414
2853.769,0.01003804
2854.251,0.01005042
2854.733,0.01005097
2855.215,0.01004113
2855.698,0.01002536
2856.18,0.01000645
2856.662,0.009989247
2857.144,0.009975664
2857.626,0.009966466
2858.108,0.009960223
2858.59,0.009955316
2859.073,0.009949068
2859.555,0.009940717
2860.037,0.009930262
2860.519,0.009918655
2861.001,0.009907523
2861.483,0.009899157
2861.965,0.009894421
2862.448,0.009894464
2862.929,0.00989785
2863.412,0.00990516
2863.894,0.009915149
2864.376,0.009927439
2864.858,0.00994174
2865.34,0.009957385
2865.822,0.009974472
2866.304,0.009991946
2866.787,0.01000981
2867.269,0.01002911
2867.751,0.01005101
2868.233,0.01007867
2868.715,0.01011562
2869.197,0.01016563
2869.679,0.01023128
2870.162,0.01031249
2870.644,0.01040582
2871.126,0.01050503
2871.608,0.01060093
2872.09,0.01068353
2872.572,0.01074465
2873.054,0.01077929
2873.537,0.01078744
2874.019,0.01077426
2874.501,0.0107485
2874.983,0.01072138
2875.465,0.01070309
2875.947,0.01070047
2876.429,0.01071716
2876.912,0.01075251
2877.394,0.01080192
2877.876,0.01086067
2878.358,0.01092454
2878.84,0.01099036
2879.322,0.01105765
2879.804,0.01112545
2880.286,0.01119433
2880.769,0.01126323
2881.251,0.01133063
2881.733,0.01139371
2882.215,0.01145093
2882.697,0.01150269
2883.179,0.01155012
2883.661,0.01159631
2884.144,0.01164426
2884.626,0.01169647
2885.108,0.01175256
2885.59,0.01181108
2886.072,0.01186817
2886.554,0.01192046
2887.036,0.01196553
2887.519,0.01200288
2888.001,0.01203358
2888.483,0.012061
2888.965,0.01208853
2889.447,0.01211838
2889.929,0.01215202
2890.411,0.01219031
2890.894,0.01223239
2891.376,0.01227816
2891.858,0.01232772
2892.34,0.01238174
2892.822,0.01244121
2893.304,0.01250651
2893.786,0.01257764
2894.269,0.01265375
2894.75,0.01273269
2895.233,0.01281224
2895.715,0.01288978
2896.197,0.01296445
2896.679,0.01303595
2897.161,0.01310611
2897.643,0.01317766
2898.125,0.01325409
2898.608,0.01333822
2899.09,0.01343121
2899.572,0.01353298
2900.054,0.0136414
2900.536,0.01375297
2901.018,0.01386419
2901.5,0.01397255
2901.983,0.01407745
2902.465,0.0141785
2902.947,0.01427648
2903.429,0.01437236
2903.911,0.01446535
2904.393,0.01455303
2904.875,0.01463325
2905.358,0.01470239
2905.84,0.01475977
2906.322,0.01480587
2906.804,0.01484409
2907.286,0.01487901
2907.768,0.01491677
2908.25,0.01496195
2908.733,0.01501807
2909.215,0.01508612
2909.697,0.01516589
2910.179,0.01525575
2910.661,0.01535258
2911.143,0.01545344
2911.625,0.01555572
2912.107,0.01565667
2912.59,0.01575433
2913.072,0.01584793
2913.554,0.01593873
2914.036,0.016028
2914.518,0.01611966
2915,0.01621751
2915.482,0.01632372
2915.965,0.01643897
2916.447,0.01656084
2916.929,0.01668422
2917.411,0.01680393
2917.893,0.01691448
2918.375,0.01701381
2918.857,0.01710278
2919.34,0.01718542
2919.822,0.0172671
2920.304,0.01735265
2920.786,0.01744528
2921.268,0.01754512
2921.75,0.01764942
2922.232,0.01775435
2922.715,0.017855
2923.197,0.0179491
2923.679,0.01803401
2924.161,0.01810862
2924.643,0.01817246
2925.125,0.01822511
2925.607,0.01826587
2926.09,0.01829603
2926.572,0.01831813
2927.054,0.01833748
2927.536,0.01836048
2928.018,0.01839323
2928.5,0.01843918
2928.982,0.01849746
2929.464,0.01856147
2929.947,0.01862087
2930.429,0.01866394
2930.911,0.01868169
2931.393,0.01867087
2931.875,0.0186351
2932.357,0.0185863
2932.839,0.01853858
2933.322,0.01850652
2933.804,0.01850108
2934.286,0.01852533
2934.768,0.01857691
2935.25,0.01864727
2935.732,0.01872555
2936.214,0.01880188
2936.697,0.01887054
2937.179,0.01892895
2937.661,0.0189781
2938.143,0.01902143
2938.625,0.01906211
2939.107,0.01910201
2939.589,0.01914242
2940.072,0.01918274
2940.554,0.01922149
2941.036,0.0192567
2941.518,0.01928607
2942,0.01930734
2942.482,0.01931882
2942.964,0.01931991
2943.447,0.01931218
2943.928,0.01929891
2944.411,0.01928731
2944.893,0.01928443
2945.375,0.01929808
2945.857,0.01933355
2946.339,0.01939311
2946.821,0.0194744
2947.303,0.01957109
2947.786,0.01967506
2948.268,0.01977808
2948.75,0.01987479
2949.232,0.0199628
2949.714,0.02004498
2950.196,0.0201267
2950.678,0.02021402
2951.161,0.0203113
2951.643,0.02042084
2952.125,0.02054076
2952.607,0.0206661
2953.089,0.02079089
2953.571,0.02090877
2954.053,0.02101626
2954.536,0.02111184
2955.018,0.0211976
2955.5,0.02127763
2955.982,0.02135678
2956.464,0.02143756
2956.946,0.02152055
2957.428,0.02160329
2957.911,0.02168186
2958.393,0.0217509
2958.875,0.02180689
2959.357,0.02185014
2959.839,0.02188402
2960.321,0.02191493
2960.803,0.02195043
2961.285,0.02199812
2961.768,0.02206389
2962.25,0.02214847
2962.732,0.02224985
2963.214,0.02236406
2963.696,0.02248511
2964.178,0.02260631
2964.66,0.02272146
2965.143,0.02282576
2965.625,0.02291599
2966.107,0.02298875
2966.589,0.02304442
2967.071,0.02308299
2967.553,0.02310927
2968.035,0.02312704
2968.518,0.02314231
2969,0.02316159
2969.482,0.0231898
2969.964,0.02322933
2970.446,0.02328
2970.928,0.02334032
2971.41,0.02340756
2971.893,0.02347895
2972.375,0.02355307
2972.857,0.02362922
2973.339,0.023708
2973.821,0.02378993
2974.303,0.0238743
2974.785,0.0239599
2975.268,0.02404423
2975.75,0.02412437
2976.232,0.02419891
2976.714,0.02426775
2977.196,0.0243337
2977.678,0.02440028
2978.16,0.02447312
2978.642,0.02455523
2979.125,0.02464955
2979.607,0.02475457
2980.089,0.02486637
2980.571,0.02497893
2981.053,0.02508619
2981.535,0.02518241
2982.017,0.02526487
2982.5,0.02533324
2982.982,0.02539247
2983.464,0.02544709
2983.946,0.02550494
2984.428,0.02557331
2984.91,0.02565692
2985.392,0.02575794
2985.875,0.02587493
2986.357,0.02600378
2986.839,0.02613723
2987.321,0.02626679
2987.803,0.02638488
2988.285,0.02648625
2988.767,0.02656977
2989.25,0.02663663
2989.732,0.0266929
2990.214,0.02674646
2990.696,0.02680732
2991.178,0.02688166
2991.66,0.02697465
2992.142,0.027087
2992.625,0.0272155
2993.106,0.02735408
2993.589,0.02749575
2994.071,0.02763322
2994.553,0.02776194
2995.035,0.02787935
2995.517,0.02798616
2995.999,0.02808632
2996.481,0.02818519
2996.964,0.02828988
2997.446,0.02840548
2997.928,0.02853564
2998.41,0.02868079
2998.892,0.02883767
2999.374,0.0289996
2999.856,0.02915927
3000.339,0.02930954
3000.821,0.02944493
3001.303,0.02956421
3001.785,0.02966999
3002.267,0.02976808
3002.749,0.02986407
3003.231,0.02996406
3003.714,0.03007163
3004.196,0.03018729
3004.678,0.03030921
3005.16,0.03043454
3005.642,0.03056083
3006.124,0.0306878
3006.606,0.03081542
3007.089,0.03094523
3007.571,0.03107867
3008.053,0.03121737
3008.535,0.03136031
3009.017,0.03150658
3009.499,0.03165403
3009.981,0.03180114
3010.463,0.03194647
3010.946,0.03208777
3011.428,0.03222298
3011.91,0.03235089
3012.392,0.03246995
3012.874,0.03257922
3013.356,0.03267974
3013.838,0.03277538
3014.321,0.03287178
3014.803,0.03297475
3015.285,0.03308946
3015.767,0.03322009
3016.249,0.03336482
3016.731,0.03352099
3017.213,0.03368276
3017.696,0.03384491
3018.178,0.03400252
3018.66,0.03415238
3019.142,0.03429431
3019.624,0.03442951
3020.106,0.03455982
3020.588,0.03468793
3021.071,0.03481415
3021.553,0.03494153
3022.035,0.03507021
3022.517,0.03520006
3022.999,0.03533141
3023.481,0.03546281
3023.963,0.03559282
3024.446,0.03571887
3024.927,0.03583951
3025.41,0.03595483
3025.892,0.03606639
3026.374,0.03617748
3026.856,0.03629417
3027.338,0.03642194
3027.82,0.03656441
3028.302,0.03672386
3028.785,0.03689886
3029.267,0.03708602
3029.749,0.03727975
3030.231,0.03747421
3030.713,0.03766512
3031.195,0.03785034
3031.677,0.03802975
3032.16,0.03820437
3032.642,0.03837627
3033.124,0.03854793
3033.606,0.03871812
3034.088,0.03888641
3034.57,0.03905104
3035.052,0.03921015
3035.535,0.03936259
3036.017,0.03950991
3036.499,0.03965449
3036.981,0.03980131
3037.463,0.03995399
3037.945,0.04011494
3038.427,0.04028373
3038.91,0.040458
3039.392,0.04063162
3039.874,0.04079866
3040.356,0.04095414
3040.838,0.04109637
3041.32,0.04122743
3041.802,0.04135168
3042.284,0.04147692
3042.767,0.04160947
3043.249,0.04175396
3043.731,0.04191213
3044.213,0.04208047
3044.695,0.04225555
3045.177,0.04243102
3045.659,0.04260187
3046.142,0.0427657
3046.624,0.04292283
3047.106,0.04307533
3047.588,0.04322758
3048.07,0.04338343
3048.552,0.04354645
3049.034,0.04371799
3049.517,0.04389786
3049.999,0.04408324
3050.481,0.04427079
3050.963,0.04445696
3051.445,0.04463807
3051.927,0.04481279
3052.409,0.04498141
3052.892,0.0451457
3053.374,0.04530849
3053.856,0.04547282
3054.338,0.04564066
3054.82,0.04581372
3055.302,0.04599093
3055.784,0.046172
3056.267,0.04635754
3056.749,0.04654778
3057.231,0.04674429
3057.713,0.04694813
3058.195,0.04716036
3058.677,0.04737931
3059.159,0.04760087
3059.641,0.04781897
3060.124,0.04802843
3060.606,0.04822401
3061.088,0.04840378
3061.57,0.04856974
3062.052,0.04872693
3062.534,0.04888071
3063.016,0.04903793
3063.499,0.04920322
3063.981,0.04937879
3064.463,0.04956476
3064.945,0.04975851
3065.427,0.04995847
3065.909,0.05016219
3066.391,0.0503676
3066.874,0.05057341
3067.356,0.05077762
3067.838,0.0509795
3068.32,0.05117724
3068.802,0.05136989
3069.284,0.05155817
3069.766,0.05174401
3070.249,0.05193066
3070.731,0.05212238
3071.213,0.05232243
3071.695,0.05253325
3072.177,0.05275507
3072.659,0.05298537
3073.141,0.05322097
3073.624,0.05345816
3074.105,0.0536926
3074.588,0.0539212
3075.07,0.05414227
3075.552,0.05435538
3076.034,0.05456126
3076.516,0.05476181
3076.998,0.05495937
3077.48,0.05515787
3077.963,0.05535942
3078.445,0.05556692
3078.927,0.05578067
3079.409,0.05600058
3079.891,0.05622337
3080.373,0.05644603
3080.855,0.05666477
3081.338,0.05687762
3081.82,0.05708396
3082.302,0.05728635
3082.784,0.05748851
3083.266,0.05769597
3083.748,0.05791282
3084.23,0.0581415
3084.713,0.05838149
3085.195,0.05862992
3085.677,0.05888094
3086.159,0.05912961
3086.641,0.05937007
3087.123,0.05960121
3087.605,0.05982231
3088.088,0.06003623
3088.57,0.06024735
3089.052,0.06045943
3089.534,0.06067449
3090.016,0.0608934
3090.498,0.06111304
3090.98,0.06133119
3091.462,0.06154396
3091.945,0.06174951
3092.427,0.06194926
3092.909,0.06214738
3093.391,0.06234839
3093.873,0.06255893
3094.355,0.06278213
3094.837,0.06302015
3095.32,0.06327086
3095.802,0.06353019
3096.284,0.06379286
3096.766,0.06405447
3097.248,0.06431203
3097.73,0.06456441
3098.212,0.06481229
3098.695,0.06505727
3099.177,0.06529956
3099.659,0.06554046
3100.141,0.06577898
3100.623,0.06601544
3101.105,0.06624944
3101.587,0.06648245
3102.07,0.06671385
3102.552,0.06694471
3103.034,0.06717448
3103.516,0.0674011
3103.998,0.06762362
3104.48,0.06784191
3104.962,0.06805683
3105.445,0.06827293
3105.927,0.06849507
3106.409,0.0687301
3106.891,0.06898149
3107.373,0.06924914
3107.855,0.06952982
3108.337,0.06981672
3108.819,0.07010006
3109.302,0.07037324
3109.784,0.0706308
3110.266,0.07087252
3110.748,0.07110186
3111.23,0.07132445
3111.712,0.07154683
3112.194,0.07177472
3112.677,0.07200903
3113.159,0.07224933
3113.641,0.07249192
3114.123,0.0727332
3114.605,0.07296925
3115.087,0.07319833
3115.569,0.07342128
3116.052,0.07364021
3116.534,0.07385781
3117.016,0.0740754
3117.498,0.07429484
3117.98,0.07451501
3118.462,0.07473594
3118.944,0.07495774
3119.427,0.07518225
3119.909,0.07541528
3120.391,0.07566185
3120.873,0.07592823
3121.355,0.07621716
3121.837,0.07652792
3122.319,0.07685339
3122.802,0.07718351
3123.283,0.07750691
3123.766,0.07781489
3124.248,0.07810145
3124.73,0.0783674
3125.212,0.07861737
3125.694,0.07885756
3126.176,0.0790927
3126.658,0.079323
3127.141,0.07954671
3127.623,0.07976008
3128.105,0.07996034
3128.587,0.08014881
3129.069,0.08033086
3129.551,0.08051763
3130.033,0.08071931
3130.516,0.0809442
3130.998,0.08119474
3131.48,0.08146699
3131.962,0.08175159
3132.444,0.08203831
3132.926,0.08231692
3133.408,0.08258396
3133.891,0.08283941
3134.373,0.08308817
3134.855,0.08333647
3135.337,0.08358974
3135.819,0.08384921
3136.301,0.08411388
3136.783,0.08437956
3137.266,0.08464283
3137.748,0.08490057
3138.23,0.08515289
3138.712,0.08540091
3139.194,0.08564837
3139.676,0.08589617
3140.158,0.08614564
3140.64,0.08639488
3141.123,0.08664179
3141.605,0.08688337
3142.087,0.08711842
3142.569,0.08734679
3143.051,0.08757182
3143.533,0.08779752
3144.015,0.08802929
3144.498,0.08827073
3144.98,0.0885243
3145.462,0.08878843
3145.944,0.08905946
3146.426,0.08933207
3146.908,0.08960068
3147.39,0.08986131
3147.873,0.09011292
3148.355,0.09035639
3148.837,0.09059639
3149.319,0.09083708
3149.801,0.09108109
3150.283,0.09132923
3150.765,0.09158105
3151.248,0.09183288
3151.73,0.09208404
3152.212,0.09233376
3152.694,0.09258626
3153.176,0.09284426
3153.658,0.09311187
3154.14,0.09339
3154.623,0.09367623
3155.104,0.09396381
3155.587,0.09424393
3156.069,0.09450848
3156.551,0.09475354
3157.033,0.09497742
3157.515,0.09518424
3157.997,0.09538105
3158.479,0.0955759
3158.962,0.09577388
3159.444,0.09597854
3159.926,0.09618926
3160.408,0.09640468
3160.89,0.09662153
3161.372,0.09683677
3161.854,0.09704885
3162.337,0.09725787
3162.819,0.09746137
3163.301,0.09766032
3163.783,0.09785383
3164.265,0.0980437
3164.747,0.09823196
3165.229,0.09842076
3165.712,0.09861425
3166.194,0.09881458
3166.676,0.09902333
3167.158,0.09923972
3167.64,0.09946106
3168.122,0.09968644
3168.604,0.09991328
3169.086,0.1001422
3169.569,0.1003762
3170.051,0.1006194
3170.533,0.100874
3171.015,0.1011407
3171.497,0.1014168
3171.979,0.1016961
3172.461,0.1019713
3172.944,0.102234
3173.426,0.1024782
3173.908,0.1027032
3174.39,0.1029091
3174.872,0.1031018
3175.354,0.1032865
3175.836,0.1034699
3176.319,0.1036561
3176.801,0.1038461
3177.283,0.1040397
3177.765,0.1042342
3178.247,0.1044257
3178.729,0.1046121
3179.211,0.1047918
3179.694,0.1049667
3180.176,0.1051407
3180.658,0.1053182
3181.14,0.1055053
3181.622,0.1057077
3182.104,0.1059273
3182.586,0.1061647
3183.069,0.106416
3183.551,0.1066762
3184.033,0.1069374
3184.515,0.1071921
3184.997,0.1074349
3185.479,0.1076634
3185.961,0.1078766
3186.443,0.1080776
3186.926,0.1082697
3187.408,0.1084574
3187.89,0.1086439
3188.372,0.1088314
3188.854,0.1090207
3189.336,0.1092118
3189.818,0.1094034
3190.301,0.109594
3190.783,0.1097815
3191.265,0.109965
3191.747,0.110143
3192.229,0.1103142
3192.711,0.1104794
3193.193,0.1106393
3193.676,0.110795
3194.158,0.1109487
3194.64,0.1111014
3195.122,0.1112547
3195.604,0.1114083
3196.086,0.1115614
3196.568,0.1117123
3197.051,0.1118617
3197.533,0.1120083
3198.015,0.1121543
3198.497,0.1123024
3198.979,0.1124553
3199.461,0.1126148
3199.943,0.1127812
3200.426,0.1129521
3200.907,0.1131246
3201.39,0.1132928
3201.872,0.1134536
3202.354,0.1136034
3202.836,0.1137446
3203.318,0.11388
3203.8,0.1140145
3204.282,0.1141534
3204.765,0.1143006
3205.247,0.1144558
3205.729,0.1146166
3206.211,0.1147773
3206.693,0.1149317
3207.175,0.1150746
3207.657,0.1152036
3208.14,0.1153198
3208.622,0.1154265
3209.104,0.1155292
3209.586,0.1156338
3210.068,0.1157434
3210.55,0.1158612
3211.032,0.1159863
3211.515,0.1161163
3211.997,0.1162475
3212.479,0.1163768
3212.961,0.1165005
3213.443,0.1166168
3213.925,0.1167231
3214.407,0.1168217
3214.89,0.1169141
3215.372,0.1170047
3215.854,0.1170988
3216.336,0.1172033
3216.818,0.1173227
3217.3,0.1174588
3217.782,0.1176099
3218.264,0.1177714
3218.747,0.1179357
3219.229,0.1180934
3219.711,0.1182387
3220.193,0.118369
3220.675,0.1184847
3221.157,0.1185896
3221.639,0.1186893
3222.122,0.1187891
3222.604,0.1188904
3223.086,0.1189932
3223.568,0.1190964
3224.05,0.119199
3224.532,0.1193004
3225.014,0.1194029
3225.497,0.1195102
3225.979,0.1196263
3226.461,0.1197527
3226.943,0.1198868
3227.425,0.1200238
3227.907,0.1201556
3228.389,0.1202735
3228.872,0.1203708
3229.354,0.1204428
3229.836,0.120492
3230.318,0.1205217
3230.8,0.1205388
3231.282,0.1205526
3231.764,0.1205725
3232.247,0.1206059
3232.729,0.1206592
3233.211,0.120736
3233.693,0.1208367
3234.175,0.1209567
3234.657,0.1210883
3235.139,0.1212195
3235.621,0.1213391
3236.104,0.1214371
3236.586,0.1215082
3237.068,0.1215528
3237.55,0.121578
3238.032,0.121593
3238.514,0.1216084
3238.996,0.1216337
3239.479,0.1216705
3239.961,0.1217181
3240.443,0.1217694
3240.925,0.1218166
3241.407,0.1218543
3241.889,0.1218797
3242.371,0.1218934
3242.854,0.1219015
3243.336,0.1219104
3243.818,0.1219267
3244.3,0.1219562
3244.782,0.1220006
3245.264,0.1220613
3245.746,0.122136
3246.229,0.1222214
3246.711,0.1223127
3247.193,0.122406
3247.675,0.1224931
3248.157,0.1225688
3248.639,0.1226274
3249.121,0.1226667
3249.604,0.1226886
3250.085,0.1226977
3250.568,0.1227017
3251.05,0.1227091
3251.532,0.1227265
3252.014,0.1227562
3252.496,0.1227957
3252.978,0.1228412
3253.46,0.1228859
3253.943,0.1229256
3254.425,0.1229594
3254.907,0.1229906
3255.389,0.1230239
3255.871,0.1230649
3256.353,0.1231167
3256.835,0.1231794
3257.318,0.1232478
3257.8,0.1233157
3258.282,0.1233754
3258.764,0.1234231
3259.246,0.1234566
3259.728,0.1234775
3260.21,0.1234902
3260.693,0.1234999
3261.175,0.1235111
3261.657,0.1235266
3262.139,0.1235487
3262.621,0.1235786
3263.103,0.1236154
3263.585,0.1236569
3264.068,0.1237002
3264.55,0.1237408
3265.032,0.1237737
3265.514,0.1237939
3265.996,0.123798
3266.478,0.1237878
3266.96,0.1237658
3267.442,0.12374
3267.925,0.1237171
3268.407,0.1237051
3268.889,0.1237067
3269.371,0.123722
3269.853,0.1237477
3270.335,0.1237794
3270.817,0.1238114
3271.3,0.1238416
3271.782,0.1238686
3272.264,0.1238936
3272.746,0.1239186
3273.228,0.123944
3273.71,0.1239698
3274.192,0.1239956
3274.675,0.1240196
3275.157,0.1240403
3275.639,0.1240574
3276.121,0.1240733
3276.603,0.1240883
3277.085,0.1241045
3277.567,0.1241237
3278.05,0.1241467
3278.532,0.1241737
3279.014,0.1242037
3279.496,0.1242355
3279.978,0.1242683
3280.46,0.1242994
3280.942,0.1243273
3281.425,0.1243498
3281.906,0.1243676
3282.389,0.1243807
3282.871,0.1243918
3283.353,0.1244041
3283.835,0.1244221
3284.317,0.1244466
3284.799,0.1244783
3285.281,0.1245149
3285.764,0.1245529
3286.246,0.1245875
3286.728,0.124616
3287.21,0.1246369
3287.692,0.1246508
3288.174,0.1246607
3288.656,0.1246691
3289.139,0.1246788
3289.621,0.1246926
3290.103,0.1247108
3290.585,0.1247344
3291.067,0.1247636
3291.549,0.1247998
3292.031,0.1248422
3292.514,0.1248909
3292.996,0.1249435
3293.478,0.1249978
3293.96,0.1250475
3294.442,0.1250877
3294.924,0.125114
3295.406,0.125125
3295.889,0.1251214
3296.371,0.1251087
3296.853,0.1250941
3297.335,0.1250877
3297.817,0.1250966
3298.299,0.1251267
3298.781,0.125177
3299.263,0.1252431
3299.746,0.1253149
3300.228,0.1253808
3300.71,0.1254309
3301.192,0.1254587
3301.674,0.1254621
3302.156,0.125446
3302.638,0.1254191
3303.121,0.125392
3303.603,0.1253736
3304.085,0.1253687
3304.567,0.1253777
3305.049,0.1253978
3305.531,0.1254227
3306.013,0.1254472
3306.496,0.1254664
3306.978,0.12548
3307.46,0.1254871
3307.942,0.1254909
3308.424,0.1254931
3308.906,0.1254971
3309.388,0.1255031
3309.871,0.1255124
3310.353,0.1255237
3310.835,0.1255369
3311.317,0.1255486
3311.799,0.1255571
3312.281,0.1255606
3312.763,0.1255587
3313.246,0.1255534
3313.728,0.1255499
3314.21,0.1255547
3314.692,0.1255747
3315.174,0.1256123
3315.656,0.1256656
3316.138,0.1257261
3316.62,0.1257825
3317.103,0.1258207
3317.585,0.1258328
3318.067,0.1258155
3318.549,0.1257777
3319.031,0.1257326
3319.513,0.1256968
3319.995,0.1256848
3320.478,0.1257041
3320.96,0.1257517
3321.442,0.125818
3321.924,0.1258862
3322.406,0.1259427
3322.888,0.1259749
3323.37,0.1259788
3323.853,0.1259566
3324.335,0.125917
3324.817,0.1258702
3325.299,0.1258265
3325.781,0.1257951
3326.263,0.1257832
3326.745,0.1257938
3327.228,0.1258278
3327.71,0.125883
3328.192,0.1259558
3328.674,0.1260379
3329.156,0.1261218
3329.638,0.1261988
3330.12,0.1262639
3330.603,0.1263141
3331.084,0.1263507
3331.567,0.1263772
3332.049,0.1263982
3332.531,0.1264169
3333.013,0.1264335
3333.495,0.1264449
3333.977,0.126448
3334.459,0.1264379
3334.942,0.1264137
3335.424,0.1263763
3335.906,0.1263326
3336.388,0.126289
3336.87,0.1262536
3337.352,0.1262315
3337.834,0.1262262
3338.317,0.1262358
3338.799,0.1262562
3339.281,0.1262819
3339.763,0.1263089
3340.245,0.1263335
3340.727,0.1263544
3341.209,0.1263731
3341.692,0.1263925
3342.174,0.1264146
3342.656,0.1264423
3343.138,0.126474
3343.62,0.1265102
3344.102,0.1265468
3344.584,0.126581
3345.067,0.1266089
3345.549,0.1266293
3346.031,0.1266403
3346.513,0.1266413
3346.995,0.1266324
3347.477,0.1266151
3347.959,0.1265897
3348.441,0.1265578
3348.924,0.1265206
3349.406,0.126481
3349.888,0.1264416
3350.37,0.1264035
3350.852,0.1263685
3351.334,0.1263359
3351.816,0.1263037
3352.299,0.1262708
3352.781,0.1262355
3353.263,0.1262
3353.745,0.1261657
3354.227,0.1261362
3354.709,0.1261135
3355.191,0.1260991
3355.674,0.126088
3356.156,0.1260767
3356.638,0.1260585
3357.12,0.1260292
3357.602,0.1259884
3358.084,0.1259376
3358.566,0.1258818
3359.049,0.1258277
3359.531,0.1257788
3360.013,0.1257375
3360.495,0.1257025
3360.977,0.1256738
3361.459,0.1256492
3361.941,0.1256294
3362.424,0.1256141
3362.906,0.125603
3363.388,0.1255928
3363.87,0.1255778
3364.352,0.1255506
3364.834,0.1255081
3365.316,0.1254504
3365.798,0.125384
3366.281,0.1253225
3366.763,0.1252797
3367.245,0.1252671
3367.727,0.1252861
3368.209,0.1253279
3368.691,0.1253766
3369.173,0.1254112
3369.656,0.1254138
3370.138,0.1253767
3370.62,0.1253047
3371.102,0.1252102
3371.584,0.1251131
3372.066,0.1250315
3372.548,0.1249773
3373.031,0.1249533
3373.513,0.1249539
3373.995,0.1249684
3374.477,0.1249852
3374.959,0.1249929
3375.441,0.1249835
3375.923,0.1249507
3376.406,0.1248923
3376.888,0.1248058
3377.37,0.1246932
3377.852,0.1245583
3378.334,0.1244107
3378.816,0.1242609
3379.298,0.1241208
3379.781,0.1239989
3380.262,0.1238992
3380.745,0.1238177
3381.227,0.1237458
3381.709,0.1236732
3382.191,0.1235921
3382.673,0.1234982
3383.155,0.1233946
3383.637,0.1232883
3384.12,0.1231889
3384.602,0.1231024
3385.084,0.123032
3385.566,0.1229754
3386.048,0.1229294
3386.53,0.122886
3387.012,0.122842
3387.495,0.1227937
3387.977,0.1227415
3388.459,0.1226847
3388.941,0.1226239
3389.423,0.122558
3389.905,0.1224864
3390.387,0.1224069
3390.87,0.1223198
3391.352,0.1222249
3391.834,0.1221241
3392.316,0.1220186
3392.798,0.1219093
3393.28,0.1217965
3393.762,0.1216819
3394.245,0.1215675
3394.727,0.1214562
3395.209,0.1213515
3395.691,0.1212578
3396.173,0.1211751
3396.655,0.1211007
3397.137,0.1210283
3397.619,0.1209499
3398.102,0.1208563
3398.584,0.1207433
3399.066,0.1206081
3399.548,0.1204575
3400.03,0.1202985
3400.512,0.120141
3400.994,0.1199945
3401.477,0.1198653
3401.959,0.1197547
3402.441,0.119661
3402.923,0.1195792
3403.405,0.119504
3403.887,0.1194283
3404.369,0.119347
3404.852,0.1192547
3405.334,0.1191493
3405.816,0.1190288
3406.298,0.1188946
3406.78,0.1187503
3407.262,0.1186025
3407.744,0.1184582
3408.227,0.1183235
3408.709,0.1182016
3409.191,0.1180935
3409.673,0.1179924
3410.155,0.1178919
3410.637,0.1177813
3411.119,0.1176555
3411.602,0.1175113
3412.083,0.1173512
3412.566,0.1171813
3413.048,0.117009
3413.53,0.11684
3414.012,0.1166777
3414.494,0.1165188
3414.976,0.1163606
3415.458,0.1161967
3415.941,0.116024
3416.423,0.1158428
3416.905,0.1156571
3417.387,0.1154744
3417.869,0.1153018
3418.351,0.1151436
3418.833,0.115002
3419.316,0.1148731
3419.798,0.1147488
3420.28,0.1146214
3420.762,0.114484
3421.244,0.1143309
3421.726,0.114162
3422.208,0.1139806
3422.691,0.1137945
3423.173,0.1136101
3423.655,0.1134354
3424.137,0.1132755
3424.619,0.1131328
3425.101,0.1130063
3425.583,0.1128909
3426.066,0.1127814
3426.548,0.1126705
3427.03,0.1125529
3427.512,0.1124232
3427.994,0.1122806
3428.476,0.1121276
3428.958,0.1119664
3429.44,0.1118019
3429.923,0.1116375
3430.405,0.1114757
3430.887,0.1113158
3431.369,0.111155
3431.851,0.1109909
3432.333,0.1108218
3432.815,0.1106458
3433.298,0.1104644
3433.78,0.1102804
3434.262,0.1100984
3434.744,0.1099202
3435.226,0.1097478
3435.708,0.1095812
3436.19,0.1094185
3436.673,0.1092564
3437.155,0.1090911
3437.637,0.1089197
3438.119,0.1087423
3438.601,0.1085599
3439.083,0.1083751
3439.565,0.1081913
3440.048,0.1080134
3440.53,0.1078433
3441.012,0.1076826
3441.494,0.1075293
3441.976,0.1073812
3442.458,0.1072335
3442.94,0.1070805
3443.423,0.1069182
3443.905,0.1067444
3444.387,0.1065566
3444.869,0.1063567
3445.351,0.1061453
3445.833,0.1059279
3446.315,0.1057067
3446.797,0.1054852
3447.28,0.1052672
3447.762,0.1050573
3448.244,0.1048581
3448.726,0.1046727
3449.208,0.1045021
3449.69,0.1043456
3450.172,0.1041985
3450.655,0.1040537
3451.137,0.1039042
3451.619,0.1037441
3452.101,0.1035711
3452.583,0.1033872
3453.065,0.1032
3453.547,0.1030212
3454.03,0.102858
3454.512,0.1027161
3454.994,0.1025933
3455.476,0.1024817
3455.958,0.1023679
3456.44,0.1022382
3456.922,0.1020823
3457.405,0.101899
3457.887,0.1016934
3458.369,0.1014763
3458.851,0.1012623
3459.333,0.1010636
3459.815,0.1008852
3460.297,0.1007267
3460.78,0.1005809
3461.261,0.100439
3461.744,0.1002912
3462.226,0.1001307
3462.708,0.09995402
3463.19,0.09976216
3463.672,0.09955605
3464.154,0.09933889
3464.636,0.09911273
3465.119,0.09888129
3465.601,0.09864712
3466.083,0.09841365
3466.565,0.09818531
3467.047,0.09796748
3467.529,0.09776212
3468.011,0.09757021
3468.494,0.09738883
3468.976,0.09721491
3469.458,0.09704339
3469.94,0.09687063
3470.422,0.09669428
3470.904,0.09651519
3471.386,0.0963334
3471.869,0.09615146
3472.351,0.0959702
3472.833,0.09578991
3473.315,0.09561154
3473.797,0.09543253
3474.279,0.09525327
3474.761,0.09507371
3475.244,0.09489327
3475.726,0.09471244
3476.208,0.09453095
3476.69,0.09435007
3477.172,0.09416853
3477.654,0.0939861
3478.136,0.09380365
3478.618,0.09362203
3479.101,0.09344245
3479.583,0.09326839
3480.065,0.09310188
3480.547,0.092947
3481.029,0.09280521
3481.511,0.09267628
3481.993,0.09255555
3482.476,0.09243686
3482.958,0.09231018
3483.44,0.09216482
3483.922,0.09199271
3484.404,0.09179123
3484.886,0.09156226
3485.368,0.09131436
3485.851,0.09106018
3486.333,0.09081419
3486.815,0.09058768
3487.297,0.09038775
3487.779,0.09021318
3488.261,0.09005944
3488.743,0.08991598
3489.226,0.08976979
3489.708,0.08961107
3490.19,0.08943366
3490.672,0.0892356
3491.154,0.08902109
3491.636,0.08879673
3492.118,0.08857223
3492.601,0.08835397
3493.083,0.08814608
3493.565,0.0879486
3494.047,0.08775808
3494.529,0.08756901
3495.011,0.08737795
3495.493,0.08718538
3495.975,0.08699732
3496.458,0.08682162
3496.94,0.08666674
3497.422,0.08653627
3497.904,0.08642808
3498.386,0.08632895
3498.868,0.08622306
3499.35,0.08609173
3499.833,0.0859248
3500.315,0.08571931
3500.797,0.0854847
3501.279,0.0852362
3501.761,0.08499431
3502.243,0.08477213
3502.725,0.08457778
3503.208,0.08440917
3503.69,0.08425857
3504.172,0.08411653
3504.654,0.08397446
3505.136,0.08382795
3505.618,0.0836765
3506.1,0.0835184
3506.583,0.08335205
3507.065,0.08317327
3507.547,0.08297828
3508.029,0.08276373
3508.511,0.0825316
3508.993,0.0822884
3509.475,0.08204543
3509.958,0.0818126
3510.439,0.0815989
3510.922,0.0814054
3511.404,0.08123079
3511.886,0.08106903
3512.368,0.08091263
3512.85,0.08075684
3513.332,0.08059965
3513.814,0.08043765
3514.297,0.08026925
3514.779,0.08008964
3515.261,0.07989664
3515.743,0.07968753
3516.225,0.07946219
3516.707,0.07922563
3517.189,0.07898612
3517.672,0.07875001
3518.154,0.07852222
3518.636,0.07830202
3519.118,0.07808509
3519.6,0.0778663
3520.082,0.07764208
3520.564,0.07741342
3521.047,0.07718865
3521.529,0.07697624
3522.011,0.07678603
3522.493,0.07661994
3522.975,0.07647789
3523.457,0.07635017
3523.939,0.07622586
3524.422,0.07609576
3524.904,0.07595459
3525.386,0.07580025
3525.868,0.07563435
3526.35,0.07545933
3526.832,0.07527656
3527.314,0.07508492
3527.796,0.07488392
3528.279,0.07467357
3528.761,0.07445754
3529.243,0.07424025
3529.725,0.07402761
3530.207,0.07382389
3530.689,0.07363182
3531.171,0.07344915
3531.654,0.07327271
3532.136,0.07309981
3532.618,0.07292923
3533.1,0.07275983
3533.582,0.07259311
3534.064,0.07242721
3534.546,0.07225958
3535.029,0.07208577
3535.511,0.07190151
3535.993,0.07170456
3536.475,0.07149704
3536.957,0.07128309
3537.439,0.071069
3537.921,0.07085857
3538.404,0.07065498
3538.886,0.07045395
3539.368,0.07025055
3539.85,0.07003926
3540.332,0.06981787
3540.814,0.06958554
3541.296,0.06934816
3541.779,0.06911086
3542.26,0.0688804
3542.743,0.06866023
3543.225,0.06845231
3543.707,0.06825786
3544.189,0.06807639
3544.671,0.06790643
3545.153,0.06774589
3545.635,0.06759048
3546.118,0.06743369
3546.6,0.06726646
3547.082,0.06708015
3547.564,0.06687025
3548.046,0.06663749
3548.528,0.06638752
3549.01,0.06613175
3549.493,0.06588221
3549.975,0.0656486
3550.457,0.0654346
3550.939,0.0652374
3551.421,0.0650496
3551.903,0.06486301
3552.385,0.06467014
3552.868,0.0644684
3553.35,0.06425816
3553.832,0.06404397
3554.314,0.06382986
3554.796,0.06361757
3555.278,0.06340857
3555.76,0.06320223
3556.243,0.06299649
3556.725,0.06279085
3557.207,0.06258503
3557.689,0.06238154
3558.171,0.06218133
3558.653,0.06198635
3559.135,0.06179554
3559.617,0.06161071
3560.1,0.06142842
3560.582,0.06124856
3561.064,0.06106916
3561.546,0.06088987
3562.028,0.06070797
3562.51,0.06052186
3562.992,0.06033044
3563.475,0.06013495
3563.957,0.05993783
3564.439,0.05974474
3564.921,0.05956119
3565.403,0.05939357
3565.885,0.0592452
3566.367,0.05911264
3566.85,0.05898963
3567.332,0.05886475
3567.814,0.0587234
3568.296,0.05855377
3568.778,0.05834631
3569.26,0.05810137
3569.742,0.05782398
3570.225,0.05752631
3570.707,0.05722593
3571.189,0.05694171
3571.671,0.05668915
3572.153,0.05648063
3572.635,0.0563202
3573.117,0.0562043
3573.599,0.05612103
3574.082,0.05605186
3574.564,0.05597544
3575.046,0.05587002
3575.528,0.05571765
3576.01,0.05550903
3576.492,0.05524449
3576.974,0.05493611
3577.457,0.05460437
3577.939,0.05427433
3578.421,0.05397079
3578.903,0.05371216
3579.385,0.05350493
3579.867,0.05334358
3580.349,0.05321032
3580.832,0.05308268
3581.314,0.05293893
3581.796,0.0527625
3582.278,0.05255007
3582.76,0.05231036
3583.242,0.05205993
3583.724,0.05182188
3584.207,0.05161536
3584.689,0.05145435
3585.171,0.0513396
3585.653,0.05126116
3586.135,0.0512015
3586.617,0.05113764
3587.099,0.05104835
3587.582,0.05091765
3588.063,0.05073877
3588.546,0.05051676
3589.028,0.05026254
3589.51,0.04999331
3589.992,0.04972639
3590.474,0.04947688
3590.956,0.04925019
3591.438,0.0490452
3591.921,0.04885357
3592.403,0.04866437
3592.885,0.04846679
3593.367,0.04825629
3593.849,0.04803557
3594.331,0.04781457
3594.813,0.04760533
3595.296,0.04742137
3595.778,0.04726771
3596.26,0.04714214
3596.742,0.04703375
3597.224,0.04692459
3597.706,0.04679613
3598.188,0.04663399
3598.671,0.04642956
3599.153,0.04618641
3599.635,0.04591339
3600.117,0.04562979
3600.599,0.04535512
3601.081,0.04510622
3601.563,0.04489586
3602.046,0.04472734
3602.528,0.04459319
3603.01,0.0444794
3603.492,0.04436558
3603.974,0.0442327
3604.456,0.04406455
3604.938,0.04385534
3605.42,0.04360826
3605.903,0.04333893
3606.385,0.04306712
3606.867,0.04281615
3607.349,0.04260312
3607.831,0.04243857
3608.313,0.04232005
3608.795,0.04223652
3609.278,0.04216722
3609.76,0.04208771
3610.242,0.04197353
3610.724,0.04180429
3611.206,0.0415667
3611.688,0.04126015
3612.17,0.04089633
3612.653,0.04049738
3613.135,0.04010002
3613.617,0.03974367
3614.099,0.03946344
3614.581,0.03928412
3615.063,0.03920953
3615.545,0.03922447
3616.028,0.03929161
3616.51,0.03936308
3616.992,0.03938909
3617.474,0.03933043
3617.956,0.03916385
3618.438,0.03889105
3618.92,0.03853392
3619.403,0.03813107
3619.885,0.03772662
3620.367,0.03736013
3620.849,0.03706008
3621.331,0.03683775
3621.813,0.03668419
3622.295,0.03657556
3622.777,0.03647711
3623.26,0.03635222
3623.742,0.03616919
3624.224,0.03591033
3624.706,0.03557884
3625.188,0.03519943
3625.67,0.0348119
3626.152,0.03446674
3626.635,0.03420788
3627.117,0.03406641
3627.599,0.03404539
3628.081,0.03412116
3628.563,0.03424561
3629.045,0.03435892
3629.527,0.03440306
3630.01,0.03433941
3630.492,0.0341533
3630.974,0.03385849
3631.456,0.03348587
3631.938,0.03307796
3632.42,0.03267754
3632.902,0.03231976
3633.385,0.03202352
3633.867,0.03179273
3634.349,0.03161634
3634.831,0.03147234
3635.313,0.03133436
3635.795,0.03117779
3636.277,0.03098372
3636.76,0.0307449
3637.241,0.03046292
3637.724,0.03015021
3638.206,0.02982519
3638.688,0.02950875
3639.17,0.0292176
3639.652,0.02896167
3640.134,0.02874342
3640.616,0.02855511
3641.099,0.02838226
3641.581,0.02820876
3642.063,0.02801878
3642.545,0.02780285
3643.027,0.02755827
3643.509,0.02728848
3643.991,0.02700345
3644.474,0.02671581
3644.956,0.02643686
3645.438,0.02617582
3645.92,0.02593575
3646.402,0.02571789
3646.884,0.02551682
3647.366,0.0253248
3647.849,0.02513399
3648.331,0.02493639
3648.813,0.02472367
3649.295,0.02449336
3649.777,0.02424349
3650.259,0.02397886
3650.741,0.02370426
3651.224,0.02342792
3651.706,0.0231572
3652.188,0.02289959
3652.67,0.02265804
3653.152,0.0224323
3653.634,0.02221856
3654.116,0.02201229
3654.598,0.02180623
3655.081,0.02159486
3655.563,0.02137561
3656.045,0.02114799
3656.527,0.02091358
3657.009,0.02067559
3657.491,0.02043635
3657.973,0.02019891
3658.456,0.0199644
3658.938,0.01973293
3659.42,0.01950377
3659.902,0.0192769
3660.384,0.0190499
3660.866,0.01882028
3661.348,0.01858413
3661.831,0.01833899
3662.313,0.01808094
3662.795,0.01780912
3663.277,0.01752648
3663.759,0.01723767
3664.241,0.01694749
3664.723,0.01666306
3665.206,0.01638633
3665.688,0.01611927
3666.17,0.01586003
3666.652,0.01560654
3667.134,0.01535891
3667.616,0.01512009
3668.098,0.01489547
3668.581,0.01469217
3669.063,0.01451424
3669.545,0.01436253
3670.027,0.01422724
3670.509,0.01409536
3670.991,0.01395045
3671.473,0.01377815
3671.955,0.01356951
3672.438,0.01332734
3672.92,0.01305864
3673.402,0.01278022
3673.884,0.01250864
3674.366,0.01225643
3674.848,0.01203253
3675.33,0.01183792
3675.813,0.01166807
3676.295,0.01151586
3676.777,0.01137258
3677.259,0.01123443
3677.741,0.01109711
3678.223,0.0109567
3678.705,0.01081075
3679.188,0.01065446
3679.67,0.01048219
3680.152,0.01029112
3680.634,0.01008137
3681.116,0.009858452
3681.598,0.009631094
3682.08,0.009408494
3682.563,0.009198508
3683.045,0.009005307
3683.527,0.00882472
3684.009,0.008651714
3684.491,0.008477331
3684.973,0.008299733
3685.455,0.008119528
3685.938,0.00794347
3686.419,0.007784447
3686.902,0.007653628
3687.384,0.00755814
3687.866,0.007498235
3688.348,0.007464345
3688.83,0.007443954
3689.312,0.007420733
3689.794,0.007379943
3690.277,0.007313102
3690.759,0.007216764
3691.241,0.007091538
3691.723,0.006943068
3692.205,0.006778602
3692.687,0.006609073
3693.169,0.006443695
3693.652,0.006293157
3694.134,0.006165203
3694.616,0.006064504
3695.098,0.005987872
3695.58,0.005927939
3696.062,0.005870204
3696.544,0.005802376
3697.027,0.005712405
3697.509,0.005596474
3697.991,0.005459744
3698.473,0.005314014
3698.955,0.005174038
3699.437,0.005053466
3699.919,0.004961524
3700.402,0.004899202
3700.884,0.004859989
3701.366,0.004831837
3701.848,0.004803801
3702.33,0.004766162
3702.812,0.004714239
3703.294,0.004648769
3703.776,0.004574792
3704.259,0.004500183
3704.741,0.004433312
3705.223,0.004379846
3705.705,0.004343851
3706.187,0.004324961
3706.669,0.004317026
3707.151,0.004311675
3707.634,0.00429573
3708.116,0.004259701
3708.598,0.004196066
3709.08,0.004104202
3709.562,0.003991247
3710.044,0.003871124
3710.526,0.003758497
3711.009,0.003669387
3711.491,0.003610085
3711.973,0.003581709
3712.455,0.003575024
3712.937,0.003575981
3713.419,0.003568924
3713.901,0.003543242
3714.384,0.003491528
3714.866,0.00341464
3715.348,0.003318984
3715.83,0.003215167
3716.312,0.003114784
3716.794,0.003028818
3717.276,0.002966154
3717.759,0.002930874
3718.24,0.002919775
3718.723,0.002924351
3719.205,0.002932508
3719.687,0.002929184
3720.169,0.002902767
3720.651,0.00284621
3721.133,0.002761727
3721.615,0.002660429
3722.098,0.002556392
3722.58,0.002467654
3723.062,0.00240583
3723.544,0.002377847
3724.026,0.002380503
3724.508,0.002404046
3724.99,0.002435877
3725.473,0.002463391
3725.955,0.002476445
3726.437,0.002471448
3726.919,0.002448393
3727.401,0.002413334
3727.883,0.002373196
3728.365,0.002336883
3728.848,0.002313182
3729.33,0.002308778
3729.812,0.002327022
3730.294,0.002365942
3730.776,0.002418862
3731.258,0.002474769
3731.74,0.002520166
3732.223,0.002543158
3732.705,0.002539027
3733.187,0.002510241
3733.669,0.002463235
3734.151,0.002411385
3734.633,0.002364976
3735.115,0.00233157
3735.597,0.002312163
3736.08,0.002300932
3736.562,0.002290567
3737.044,0.002274371
3737.526,0.00224763
3738.008,0.002208479
3738.49,0.002157536
3738.972,0.002097899
3739.455,0.002031176
3739.937,0.001959229
3740.419,0.001886893
3740.901,0.001821864
3741.383,0.00177134
3741.865,0.001746
3742.347,0.001750694
3742.83,0.001784812
3743.312,0.001838187
3743.794,0.001894308
3744.276,0.00193579
3744.758,0.001949456
3745.24,0.001932189
3745.722,0.001892551
3746.205,0.001845945
3746.687,0.001809395
3747.169,0.001794215
3747.651,0.001801407
3748.133,0.001823645
3748.615,0.001846635
3749.097,0.00185334
3749.58,0.001832682
3750.062,0.001781295
3750.544,0.001707006
3751.026,0.00162138
3751.508,0.001540464
3751.99,0.001477201
3752.472,0.001440057
3752.954,0.001430286
3753.437,0.001443539
3753.919,0.001471736
3754.401,0.00150766
3754.883,0.001541975
3755.365,0.001567955
3755.847,0.00158136
3756.329,0.001582809
3756.812,0.001573418
3757.294,0.001559788
3757.776,0.001546528
3758.258,0.001539871
3758.74,0.001542562
3759.222,0.00155211
3759.704,0.001565652
3760.187,0.00157745
3760.669,0.001582143
3761.151,0.00157748
3761.633,0.001562961
3762.115,0.001542075
3762.597,0.001519187
3763.079,0.001497167
3763.562,0.001481008
3764.044,0.001474582
3764.526,0.001478516
3765.008,0.001495187
3765.49,0.001523352
3765.972,0.001560518
3766.454,0.001600691
3766.937,0.001635379
3767.418,0.001655831
3767.901,0.001655668
3768.383,0.001631757
3768.865,0.001587591
3769.347,0.001531413
3769.829,0.001476598
3770.311,0.001433149
3770.793,0.001407697
3771.276,0.001401999
3771.758,0.001409558
3772.24,0.001420747
3772.722,0.001426684
3773.204,0.001418608
3773.686,0.001394511
3774.168,0.001355264
3774.651,0.001305995
3775.133,0.001254711
3775.615,0.001209926
3776.097,0.001176901
3776.579,0.001160647
3777.061,0.001158916
3777.543,0.00116708
3778.026,0.001175748
3778.508,0.00117264
3778.99,0.001148231
3779.472,0.001098001
3779.954,0.001022444
3780.436,0.0009329594
3780.918,0.0008452116
3781.401,0.0007783797
3781.883,0.0007483908
3782.365,0.0007632813
3782.847,0.0008205617
3783.329,0.0009099675
3783.811,0.001012071
3784.293,0.001107683
3784.775,0.00117948
3785.258,0.001219543
3785.74,0.001225473
3786.222,0.001203659
3786.704,0.001165767
3787.186,0.001123723
3787.668,0.001089079
3788.15,0.001070378
3788.633,0.001070766
3789.115,0.001088742
3789.597,0.001117905
3790.079,0.001147453
3790.561,0.00116708
3791.043,0.001166726
3791.525,0.001142108
3792.008,0.001095985
3792.49,0.00103778
3792.972,0.0009818259
3793.454,0.0009417057
3793.936,0.0009272348
3794.418,0.0009406869
3794.9,0.0009740213
3795.383,0.001012524
3795.865,0.001038578
3796.347,0.001036947
3796.829,0.001001077
3797.311,0.0009348578
3797.793,0.0008507465
3798.275,0.0007690104
3798.758,0.0007104271
3799.24,0.0006916266
3799.722,0.0007211876
3800.204,0.00079447
3800.686,0.0008983921
3801.168,0.001010791
3801.65,0.001107343
3802.132,0.001169382
3802.615,0.001187561
3803.097,0.001164005
3803.579,0.001112949
3804.061,0.001051919
3804.543,0.001001345
3805.025,0.0009762414
3805.507,0.0009821688
3805.99,0.00101447
3806.472,0.001062303
3806.954,0.001107878
3807.436,0.001137433
3807.918,0.001142122
3808.4,0.001120169
3808.882,0.001076741
3809.365,0.001019285
3809.847,0.0009571427
3810.329,0.000897387
3810.811,0.0008441876
3811.293,0.0008015893
3811.775,0.0007706064
3812.257,0.0007540224
3812.74,0.0007508317
3813.222,0.0007600278
3813.704,0.0007775702
3814.186,0.0007982781
3814.668,0.0008148184
3815.15,0.0008235216
3815.632,0.0008212224
3816.115,0.0008122178
3816.596,0.0008024518
3817.079,0.0007978713
3817.561,0.0008042997
3818.043,0.0008240195
3818.525,0.000854631
3819.007,0.0008913281
3819.489,0.0009261357
3819.971,0.0009548738
3820.454,0.0009729802
3820.936,0.0009786767
3821.418,0.000972339
3821.9,0.0009566231
3822.382,0.0009330466
3822.864,0.0009043948
3823.346,0.0008738352
3823.829,0.0008441558
3824.311,0.0008172585
3824.793,0.0007921299
3825.275,0.0007696582
3825.757,0.0007468006
3826.239,0.0007217815
3826.721,0.0006961221
3827.204,0.0006726133
3827.686,0.0006586146
3828.168,0.0006628851
3828.65,0.0006896197
3829.132,0.0007416206
3829.614,0.000812425
3830.096,0.0008890912
3830.579,0.0009551125
3831.061,0.0009939716
3831.543,0.0009958751
3832.025,0.000958268
3832.507,0.0008890154
3832.989,0.0008039924
3833.471,0.0007230186
3833.953,0.0006632515
3834.436,0.0006388046
3834.918,0.0006533761
3835.4,0.0007032948
3835.882,0.0007758614
3836.364,0.0008536637
3836.846,0.0009185147
3837.328,0.0009556504
3837.811,0.0009574245
3838.293,0.0009247143
3838.775,0.0008685804
3839.257,0.0008044163
3839.739,0.0007505483
3840.221,0.000719709
3840.703,0.0007197994
3841.186,0.0007482843
3841.668,0.0007942237
3842.15,0.0008433604
3842.632,0.0008807908
3843.114,0.0008944062
3843.596,0.0008806295
3844.078,0.0008422544
3844.561,0.0007873026
3845.043,0.0007271129
3845.525,0.0006713718
3846.007,0.000628239
3846.489,0.0006002685
3846.971,0.0005889953
3847.453,0.0005894517
3847.936,0.0005957752
3848.417,0.0006012074
3848.9,0.0005988587
3849.382,0.0005847712
3849.864,0.0005599614
3850.346,0.000531062
3850.828,0.0005098137
3851.31,0.0005100052
3851.792,0.0005441557
3852.275,0.0006176432
3852.757,0.0007251235
3853.239,0.0008489879
3853.721,0.0009639491
3854.203,0.001043933
3854.685,0.00107103
3855.167,0.001039337
3855.65,0.0009571454
3856.132,0.0008438728
3856.614,0.0007231647
3857.096,0.0006177769
3857.578,0.0005416488
3858.06,0.000501948
3858.542,0.0004943375
3859.025,0.0005082128
3859.507,0.0005288715
3859.989,0.0005430108
3860.471,0.0005421829
3860.953,0.0005226713
3861.435,0.000487925
3861.917,0.0004458751
3862.4,0.000408424
3862.882,0.0003850468
3863.364,0.0003833022
3863.846,0.0004046072
3864.328,0.0004456411
3864.81,0.0004950124
3865.292,0.0005409383
3865.774,0.0005722698
3866.257,0.0005831057
3866.739,0.0005748477
3867.221,0.0005541543
3867.703,0.0005334559
3868.185,0.000524035
3868.667,0.0005323067
3869.149,0.0005596885
3869.632,0.0005990061
3870.114,0.0006405151
3870.596,0.0006725413
3871.078,0.0006872531
3871.56,0.0006829755
3872.042,0.0006625248
3872.524,0.0006324424
3873.007,0.000600684
3873.489,0.0005749525
3873.971,0.0005611565
3874.453,0.0005637947
3874.935,0.0005849283
3875.417,0.0006258496
3875.899,0.0006846403
3876.382,0.0007550123
3876.864,0.0008302883
3877.346,0.0008983883
3877.828,0.0009503092
3878.31,0.0009783286
3878.792,0.0009792218
3879.274,0.0009592804
3879.757,0.0009267291
3880.239,0.00089327
3880.721,0.0008693232
3881.203,0.0008582372
3881.685,0.0008589872
3882.167,0.000865014
3882.649,0.0008662798
3883.131,0.000856604
3883.614,0.0008313477
3884.096,0.0007930811
3884.578,0.0007464358
3885.06,0.0006986213
3885.542,0.0006573647
3886.024,0.0006276915
3886.506,0.0006098629
3886.989,0.0006038831
3887.471,0.0006071794
3887.953,0.0006165333
3888.435,0.000630143
3888.917,0.000645174
3889.399,0.0006603378
3889.881,0.000674345
3890.364,0.0006868083
3890.846,0.0006992748
3891.328,0.0007153561
3891.81,0.0007368599
3892.292,0.0007683041
3892.774,0.0008099513
3893.256,0.0008606444
3893.739,0.0009162567
3894.221,0.0009699481
3894.703,0.001015261
3895.185,0.001046897
3895.667,0.001060589
3896.149,0.00105607
3896.631,0.001035013
3897.114,0.001000514
3897.595,0.0009556703
3898.078,0.0009046133
3898.56,0.0008510899
3899.042,0.0007984595
3899.524,0.0007498249
3900.006,0.0007082899
3900.488,0.0006738565
3900.97,0.0006461393
3901.453,0.000622683
3901.935,0.0005980573
3902.417,0.0005718736
3902.899,0.000544649
3903.381,0.0005203937
3903.863,0.0005073895
3904.345,0.0005124991
3904.828,0.0005403883
3905.31,0.0005906784
3905.792,0.0006541878
3906.274,0.0007187512
3906.756,0.0007709002
3907.238,0.0007983246
3907.72,0.0007986822
3908.203,0.0007753313
3908.685,0.0007409619
3909.167,0.000709824
3909.649,0.0006939712
3910.131,0.0007004078
3910.613,0.0007269385
3911.095,0.000765663
3911.578,0.0008043979
3912.06,0.0008310825
3912.542,0.0008398748
3913.024,0.0008297306
3913.506,0.0008047944
3913.988,0.0007744032
3914.47,0.0007468597
3914.952,0.0007287833
3915.435,0.000725758
3915.917,0.0007380492
3916.399,0.0007657924
3916.881,0.0008074362
3917.363,0.0008571427
3917.845,0.0009115387
3918.327,0.0009629619
3918.81,0.001003616
3919.292,0.001025439
3919.774,0.001024786
3920.256,0.001001907
3920.738,0.0009609548
3921.22,0.0009103739
3921.702,0.0008599123
3922.185,0.0008168507
3922.667,0.0007835322
3923.149,0.0007580089
3923.631,0.000733
3924.113,0.0007013514
3924.595,0.0006574673
3925.077,0.0006012141
3925.56,0.000539354
3926.042,0.0004829462
3926.524,0.0004443548
3927.006,0.0004329561
3927.488,0.0004539662
3927.97,0.0005040134
3928.452,0.000573215
3928.935,0.0006467339
3929.417,0.0007082909
3929.899,0.0007461557
3930.381,0.000752501
3930.863,0.0007288784
3931.345,0.0006842696
3931.827,0.0006332652
3932.309,0.0005926767
3932.792,0.0005748909
3933.274,0.0005907361
3933.756,0.0006391826
3934.238,0.0007122898
3934.72,0.000795592
3935.202,0.0008723956
3935.684,0.0009262577
3936.167,0.0009488159
3936.649,0.0009370557
3937.131,0.0008973611
3937.613,0.000842385
3938.095,0.0007872667
3938.577,0.0007466285
3939.059,0.000729223
3939.542,0.000738323
3940.024,0.0007715874
3940.506,0.0008207971
3940.988,0.0008755074
3941.47,0.000925398
3941.952,0.0009619723
3942.434,0.0009807805
3942.917,0.0009806389
3943.399,0.0009650706
3943.881,0.0009403462
3944.363,0.000913524
3944.845,0.0008934959
3945.327,0.0008845804
3945.809,0.0008890052
3946.292,0.000904682
3946.773,0.0009257272
3947.256,0.0009445534
3947.738,0.0009525213
3948.22,0.0009419045
3948.702,0.0009121727
3949.184,0.0008654145
3949.666,0.0008090883
3950.148,0.0007539287
3950.631,0.0007094957
3951.113,0.0006835193
3951.595,0.0006788873
3952.077,0.0006922013
3952.559,0.0007188824
3953.041,0.0007487152
3953.523,0.0007742311
3954.006,0.0007907095
3954.488,0.0007973603
3954.97,0.0007985064
3955.452,0.000800964
3955.934,0.0008102412
3956.416,0.0008309312
3956.898,0.0008618581
3957.381,0.0008984341
3957.863,0.0009325271
3958.345,0.0009546868
3958.827,0.000958478
3959.309,0.0009419247
3959.791,0.0009072517
3960.273,0.000863906
3960.755,0.0008234394
3961.238,0.0007971456
3961.72,0.0007936967
3962.202,0.0008171728
3962.684,0.0008661397
3963.166,0.0009329883
3963.648,0.001005638
3964.13,0.001073051
3964.613,0.00112392
3965.095,0.001149824
3965.577,0.001149832
3966.059,0.00112696
3966.541,0.00108909
3967.023,0.001048318
3967.505,0.001015692
3967.988,0.001001082
3968.47,0.001008308
3968.952,0.001033827
3969.434,0.00106988
3969.916,0.001101336
3970.398,0.001116477
3970.88,0.001103973
3971.363,0.001060788
3971.845,0.0009912574
3972.327,0.0009066999
3972.809,0.0008219943
3973.291,0.000751892
3973.773,0.0007062755
3974.255,0.000690421
3974.738,0.0007007815
3975.219,0.0007274839
3975.702,0.0007628913
3976.184,0.0007960672
3976.666,0.0008229243
3977.148,0.0008433277
3977.63,0.0008596488
3978.112,0.0008778202
3978.594,0.0009029866
3979.077,0.0009356785
3979.559,0.0009760311
3980.041,0.001018506
3980.523,0.001057032
3981.005,0.001084482
3981.487,0.001097682
3981.969,0.001093326
3982.452,0.001074049
3982.934,0.001041958
3983.416,0.001002597
3983.898,0.0009638878
3984.38,0.0009308495
3984.862,0.0009090327
3985.344,0.0009024046
3985.827,0.0009130847
3986.309,0.0009402866
3986.791,0.0009796553
3987.273,0.001025776
3987.755,0.001071248
3988.237,0.001106815
3988.719,0.001125332
3989.202,0.001122293
3989.684,0.001097296
3990.166,0.001054698
3990.648,0.001000978
3991.13,0.0009461871
3991.612,0.0008990601
3992.094,0.0008650246
3992.576,0.0008462022
3993.059,0.0008399506
3993.541,0.0008430969
3994.023,0.0008496864
3994.505,0.00085641
3994.987,0.0008631352
3995.469,0.000872246
3995.951,0.0008859956
3996.434,0.0009073003
3996.916,0.0009360307
3997.398,0.0009678166
3997.88,0.0009984176
3998.362,0.001020278
3998.844,0.001029814
3999.326,0.001025695
3999.809,0.001010304
4000.291,0
